    1     0.7400     -1.13297
    2     0.8400     -1.12652
    3     0.9400     -1.11249
    4     1.0400     -1.09460
    5     1.1400     -1.07496
    6     1.2400     -1.05480
    7     1.3400     -1.03483
    8     1.4400     -1.01550
    9     1.5400     -0.99703
   10     1.6400     -0.97955
   11     1.7400     -0.96310
   12     1.8400     -0.94769
   13     1.9400     -0.93332
   14     2.0400     -0.91992
   15     2.1400     -0.90747
   16     2.2400     -0.89591
   17     2.3400     -0.88519
   18     2.4400     -0.87525
   19     2.5400     -0.86605
   20     2.6400     -0.85753
   21     2.7400     -0.84964
   22     2.8400     -0.84234
   23     2.9400     -0.83558
   24     3.0400     -0.82932
   25     3.1400     -0.82353
   26     3.2400     -0.81816
   27     3.3400     -0.81319
   28     3.4400     -0.80859
   29     3.5400     -0.80433
   30     3.6400     -0.80038
   31     3.7400     -0.79671