    1     0.7400     -1.13347
    2     0.8400     -1.12695
    3     0.9400     -1.11290
    4     1.0400     -1.09500
    5     1.1400     -1.07535
    6     1.2400     -1.05520
    7     1.3400     -1.03526
    8     1.4400     -1.01596
    9     1.5400     -0.99753
   10     1.6400     -0.98009
   11     1.7400     -0.96370
   12     1.8400     -0.94836
   13     1.9400     -0.93405
   14     2.0400     -0.92073
   15     2.1400     -0.90836
   16     2.2400     -0.89689
   17     2.3400     -0.88625
   18     2.4400     -0.87640
   19     2.5400     -0.86728
   20     2.6400     -0.85884
   21     2.7400     -0.85102
   22     2.8400     -0.84379
   23     2.9400     -0.83710
   24     3.0400     -0.83091
   25     3.1400     -0.82518
   26     3.2400     -0.81987
   27     3.3400     -0.81496
   28     3.4400     -0.81041
   29     3.5400     -0.80619
   30     3.6400     -0.80228
   31     3.7400     -0.79865