    1     0.7400     -1.13137
    2     0.8400     -1.12468
    3     0.9400     -1.11044
    4     1.0400     -1.09238
    5     1.1400     -1.07258
    6     1.2400     -1.05228
    7     1.3400     -1.03220
    8     1.4400     -1.01278
    9     1.5400     -0.99429
   10     1.6400     -0.97684
   11     1.7400     -0.96046
   12     1.8400     -0.94516
   13     1.9400     -0.93089
   14     2.0400     -0.91762
   15     2.1400     -0.90530
   16     2.2400     -0.89388
   17     2.3400     -0.88332
   18     2.4400     -0.87356
   19     2.5400     -0.86454
   20     2.6400     -0.85622
   21     2.7400     -0.84856
   22     2.8400     -0.84149
   23     2.9400     -0.83499
   24     3.0400     -0.82899
   25     3.1400     -0.82347
   26     3.2400     -0.81837
   27     3.3400     -0.81367
   28     3.4400     -0.80934
   29     3.5400     -0.80533
   30     3.6400     -0.80161
   31     3.7400     -0.79818