    1     0.7400     -1.13362
    2     0.8400     -1.12708
    3     0.9400     -1.11302
    4     1.0400     -1.09511
    5     1.1400     -1.07547
    6     1.2400     -1.05532
    7     1.3400     -1.03539
    8     1.4400     -1.01610
    9     1.5400     -0.99768
   10     1.6400     -0.98026
   11     1.7400     -0.96390
   12     1.8400     -0.94859
   13     1.9400     -0.93432
   14     2.0400     -0.92105
   15     2.1400     -0.90872
   16     2.2400     -0.89730
   17     2.3400     -0.88672
   18     2.4400     -0.87693
   19     2.5400     -0.86786
   20     2.6400     -0.85948
   21     2.7400     -0.85173
   22     2.8400     -0.84456
   23     2.9400     -0.83793
   24     3.0400     -0.83180
   25     3.1400     -0.82613
   26     3.2400     -0.82088
   27     3.3400     -0.81602
   28     3.4400     -0.81152
   29     3.5400     -0.80736
   30     3.6400     -0.80350
   31     3.7400     -0.79991