    1     0.7400     -1.13137
    2     0.8400     -1.12468
    3     0.9400     -1.11044
    4     1.0400     -1.09238
    5     1.1400     -1.07258
    6     1.2400     -1.05253
    7     1.3400     -1.03679
    8     1.4400     -1.02557
    9     1.5400     -1.01759
   10     1.6400     -1.01193
   11     1.7400     -1.00789
   12     1.8400     -1.00501
   13     1.9400     -1.00294
   14     2.0400     -1.00145
   15     2.1400     -1.00038
   16     2.2400     -0.99961
   17     2.3400     -0.99905
   18     2.4400     -0.99864
   19     2.5400     -0.99835
   20     2.6400     -0.99814
   21     2.7400     -0.99799
   22     2.8400     -0.99788
   23     2.9400     -0.99780
   24     3.0400     -0.99774
   25     3.1400     -0.99770
   26     3.2400     -0.99767
   27     3.3400     -0.99765
   28     3.4400     -0.99764
   29     3.5400     -0.99763
   30     3.6400     -0.99762
   31     3.7400     -0.99761