O 14.1416 -18.9631 -3.11255
H 13.2317 -18.5581 -3.20309
H 14.4083 -18.9714 -2.14881
O 16.2643 3.80199 2.28664
H 16.7686 3.6785 1.432
H 16.9098 3.94408 3.03704
O 4.40589 14.6184 -11.0903
H 4.59627 14.2192 -11.9872
H 4.23292 15.5981 -11.1914
O 5.00387 6.75882 3.51688
H 4.84184 7.72345 3.30894
H 4.50457 6.50821 4.34628
O 9.25145 11.2672 -1.27821
H 9.54216 10.3114 -1.23422
H 8.35741 11.3236 -1.72264
O 5.34086 -18.7251 -9.67083
H 6.1316 -19.102 -10.1532
H 5.57758 -18.5719 -8.71139
O 5.75493 18.1419 3.03361
H 6.39138 18.3503 2.29099
H 5.91653 18.7678 3.79661
O 14.9368 11.7968 13.7553
H 14.4362 12.2978 13.0493
H 15.5435 11.1294 13.3236
O 12.2448 5.20425 -5.70715
H 12.248 6.17461 -5.46548
H 11.309 4.8539 -5.66714
O 7.99756 9.97562 -5.19224
H 8.72887 10.6063 -4.93259
H 8.39493 9.10208 -5.47335
O 5.03411 7.6676 -8.89776
H 5.58845 8.43948 -9.20904
H 4.9662 7.68681 -7.90025
O 6.37551 17.3192 9.12383
H 5.60338 17.8916 8.84776
H 6.96054 17.1441 8.33194
O 5.62245 9.47118 -4.28624
H 6.59384 9.65112 -4.44127
H 5.38908 9.69408 -3.33975
O 10.0228 -18.732 -6.44436
H 9.51569 -19.5726 -6.25415
H 9.52288 -17.9498 -6.07253
O 5.2093 4.70359 -11.9718
H 4.39396 4.27464 -12.3606
H 5.94152 4.70628 -12.6528
O 11.6309 14.5629 1.49154
H 12.2373 14.9035 2.21
H 11.8579 13.6107 1.2874
O 19.2367 0.00492791 -7.17856
H 19.4307 0.751243 -7.81525
H 19.276 0.348552 -6.24027
O 5.24442 -18.859 3.87773
H 4.94313 -18.9563 2.92917
H 5.55858 -17.9225 4.03329
O -18.8684 10.7584 19.654
H -18.1636 11.447 19.4831
H -19.6686 11.1953 -19.9352
O 14.2977 -19.137 -0.557296
H 13.8561 19.9662 -0.528955
H 14.1385 -18.6596 0.306826
O 19.6295 17.0383 -10.3153
H 19.4423 18.0206 -10.3185
H 18.8082 16.5434 -10.0313
O 9.71614 13.0434 -7.31708
H 9.00769 13.6384 -7.69673
H 9.55471 12.102 -7.61317
O 6.21022 13.969 4.51511
H 6.94631 13.3225 4.3148
H 5.71032 14.176 3.67411
O -18.5033 5.32777 -0.203285
H -18.011 5.65102 -1.01147
H -18.886 4.42217 -0.386162
O 18.4592 6.60831 -13.6332
H 19.1953 6.69776 -12.9622
H 18.5243 7.35038 -14.3003
O 8.18272 -16.6809 -5.45727
H 7.40364 -16.0857 -5.65426
H 8.1873 -16.913 -4.48459
O 14.4857 2.63841 5.03344
H 15.3204 2.45851 4.51294
H 14.1823 3.57593 4.86317
O -19.8784 6.82203 -11.3616
H -18.882 6.78883 -11.4401
H 19.8412 6.40311 -10.4979
O 15.3372 10.1394 -19.6539
H 15.3923 9.19794 -19.3214
H 14.9915 10.7306 -18.9252
O 5.24962 10.2468 -16.179
H 4.91778 9.32093 -15.998
H 4.49481 10.8124 -16.5111
O 18.2832 17.1508 9.6401
H 18.6479 17.6384 8.84685
H 18.5927 16.2001 9.6182
O 12.127 12.4226 16.2169
H 12.3983 11.4698 16.3532
H 11.1418 12.4684 16.0519
O 12.0655 14.6402 -7.09431
H 11.4622 13.8509 -6.9799
H 11.9029 15.0571 -7.9886
O 3.86447 17.2695 12.5371
H 4.45041 17.8693 11.9922
H 4.14219 17.3143 13.4967
O 4.19939 11.1826 5.00472
H 3.52966 11.0578 5.73675
H 5.03139 11.591 5.38023
O 18.0987 3.47261 19.8733
H 18.2367 2.6469 -19.5797
H 18.5274 4.25135 -19.6686
O 7.80527 18.7445 -7.12629
H 7.93852 18.2568 -6.26349
H 8.03168 18.1394 -7.88957
O 9.7671 4.4763 10.41
H 10.3235 4.9463 9.72476
H 10.1108 4.6925 11.3238
O 7.9702 7.34076 -11.7437
H 8.53076 6.51356 -11.7824
H 7.24025 7.2176 -11.0714
O 19.5125 8.00424 19.0474
H 18.8137 8.15687 18.3486
H -19.8268 8.75459 19.0275
O 13.3015 10.681 -12.024
H 12.5481 10.2258 -12.4986
H 13.979 10.9886 -12.6921
O 7.95448 -19.0134 -10.8076
H 8.6364 -18.9421 -10.0797
H 8.32418 -18.6219 -11.6502
O 8.39654 19.1072 10.6488
H 7.70375 18.5475 10.194
H 9.306 18.8254 10.343
O 14.6988 16.5968 6.158
H 14.843 16.4821 7.14087
H 15.5234 16.3186 5.66543
O 2.69293 10.2548 9.18867
H 2.41856 10.8598 8.4412
H 3.48207 10.6464 9.66186
O 14.7581 14.3746 -13.9788
H 14.3685 15.0563 -13.3595
H 14.6945 14.7049 -14.9205
O 18.6265 12.3513 -11.5918
H 19.3393 12.2302 -10.901
H 17.7465 12.4989 -11.1404
O -19.685 16.214 6.05889
H -19.2368 16.5735 5.24041
H 19.8041 16.9469 6.50826
O 13.6051 6.61346 19.8574
H 13.6617 7.3345 -19.452
H 13.9662 5.76093 -19.7647
O 13.3037 9.52074 13.87
H 12.5513 9.3436 14.5044
H 13.9349 10.1808 14.2774
O 6.86231 -18.5389 -7.18843
H 7.11813 -19.5026 -7.26487
H 7.40607 -18.1057 -6.46964
O 11.9367 15.7709 10.8409
H 11.9089 16.2005 11.7435
H 11.3651 14.9503 10.8446
O 10.8153 6.81195 -16.2268
H 10.1102 6.51197 -16.8695
H 11.7151 6.54135 -16.5691
O -19.3523 11.3244 -16.3186
H -19.9502 11.0309 -15.5727
H -19.0989 10.5324 -16.874
O 14.4371 19.0981 16.2523
H 13.5355 19.5291 16.2911
H 14.3913 18.281 15.6777
O 5.05655 17.6246 15.1066
H 5.03049 17.8646 16.0771
H 5.90379 17.132 14.9078
O 10.8267 10.4708 -10.2954
H 11.5292 10.3073 -10.9881
H 9.95068 10.1125 -10.6182
O 15.8987 7.87765 -16.2688
H 15.7484 8.4128 -15.4375
H 16.6295 8.29691 -16.8075
O 9.17107 12.2565 12.6511
H 8.72271 11.3919 12.8778
H 8.47778 12.9537 12.4687
O 10.3867 17.2851 -2.3758
H 11.2228 16.8979 -2.76434
H 10.2703 16.9548 -1.43913
O 12.6767 -18.1898 -6.37089
H 13.0172 -17.7654 -7.2099
H 11.8529 -18.7184 -6.57539
O 3.97309 11.4512 17.7037
H 4.68292 10.9055 18.1491
H 3.11212 11.3487 18.2019
O 7.99534 -19.7826 4.15407
H 8.55853 -19.2189 3.54991
H 7.03011 -19.5654 4.00869
O 6.48985 19.2209 -12.1698
H 6.50617 19.4937 -13.1317
H 6.87407 19.9542 -11.6089
O 8.86619 17.6786 3.9355
H 8.13515 17.1021 4.30046
H 8.62818 18.6411 4.06588
O 10.0554 7.28908 1.55835
H 10.3898 6.41534 1.20509
H 9.36301 7.12182 2.26021
O 18.9829 5.63524 1.34972
H 19.7937 5.37554 0.825247
H 18.2656 5.94241 0.724257
O 19.1678 8.79951 -15.2678
H 19.0318 9.71988 -14.9011
H 18.5154 8.63571 -16.0077
O 18.3871 17.417 3.0124
H 19.3833 17.3291 3.01297
H 18.0569 17.4602 2.0695
O 9.11327 4.9204 -11.7749
H 8.45532 4.312 -12.2187
H 9.86081 5.12157 -12.4079
O 5.42174 18.4472 17.8515
H 5.107 18.0445 18.711
H 6.32658 18.8516 17.9845
O 15.937 9.76148 -14.2797
H 15.2053 10.4397 -14.3478
H 16.8143 10.196 -14.4836
O 16.9936 5.9299 -17.9154
H 16.5049 6.77239 -17.6887
H 17.5171 5.62395 -17.1202
O 8.45845 13.4789 -3.20962
H 9.10908 12.9332 -3.73765
H 7.97462 14.1048 -3.82138
O 11.1229 9.19365 -13.1082
H 10.4421 8.68876 -13.6389
H 11.9288 8.61872 -12.967
O -19.3134 16.3895 -12.7885
H -19.4051 16.7363 -11.8551
H -19.3952 15.3929 -12.7833
O 18.5453 9.23458 11.0596
H 18.0722 9.49491 10.218
H 19.2653 9.89997 11.2567
O 17.5649 19.819 4.1313
H 16.6102 19.9001 3.8451
H 17.9585 18.9842 3.74641
O 11.536 9.65584 0.945898
H 10.8655 10.3977 0.956628
H 11.0983 8.80669 1.24152
O 5.64933 14.0701 10.1029
H 6.22472 14.5885 9.47035
H 4.87599 14.6355 10.3898
O 15.0235 6.56348 -3.96061
H 14.8594 5.87589 -3.25331
H 14.3671 6.4395 -4.70473
O -19.9121 4.51724 -3.32301
H -19.3713 5.35219 -3.22124
H 19.213 4.73731 -3.7545
O -19.7475 14.5515 -8.42688
H 19.8944 15.1956 -9.10285
H 19.973 14.8398 -7.51104
O -18.4865 -19.5943 -17.2873
H -18.3461 19.7979 -16.5057
H -17.7073 -19.6665 -17.9099
O 6.69797 2.71191 -15.502
H 7.30012 2.04102 -15.9348
H 5.98676 2.23638 -14.9842
O -16.3474 11.417 -7.15198
H -17.1042 10.7704 -7.24819
H -16.5936 12.2849 -7.58346
O 17.3261 13.8321 -15.2661
H 17.9777 14.57 -15.0897
H 16.4309 14.0829 -14.8978
O 4.23609 12.5089 -18.2785
H 4.68217 12.9792 -19.04
H 3.68748 11.7506 -18.6305
O 5.88896 -19.9085 -15.0601
H 6.16339 -18.975 -15.291
H 6.46137 19.4423 -15.561
O 3.51863 14.5272 14.5921
H 3.70503 15.3737 14.0934
H 4.38257 14.0833 14.8299
O 8.01996 7.98307 17.4818
H 7.26586 7.60425 16.9453
H 8.85025 7.9991 16.9247
O 19.371 15.864 -6.16481
H 18.7122 16.6151 -6.12126
H 19.122 15.163 -5.49653
O 15.7576 -18.973 15.0261
H 15.1866 -19.6373 15.5084
H 16.3733 -19.4538 14.4017
O 15.3977 -19.8792 19.3724
H 16.0491 -19.9176 -19.8699
H 15.8689 19.9068 18.5167
O 19.2647 5.08906 -9.3507
H 19.327 4.10374 -9.50962
H 19.0986 5.2602 -8.37956
O 8.1108 14.5062 -0.762528
H 8.4171 14.1579 -1.64845
H 7.90003 13.7386 -0.15734
O 15.1752 -18.0812 -5.19274
H 15.1343 -18.2666 -4.21093
H 14.2478 -18.0573 -5.56626
O 2.10335 12.2049 6.94308
H 1.31909 12.8226 7.00157
H 2.94895 12.7387 6.94563
O 19.9478 -19.3581 -13.2172
H 19.6748 19.7036 -13.4294
H 19.9882 -18.8237 -14.0615
O 3.8897 8.28338 19.9056
H 3.35776 8.92366 -19.5402
H 3.26915 7.66885 19.4185
O 5.32668 7.1495 -17.9577
H 5.00535 7.35301 -18.8825
H 4.58224 7.29629 -17.3063
O 9.59786 4.60778 -5.55961
H 8.87376 4.75947 -4.88681
H 9.18913 4.38606 -6.44492
O 18.9111 8.36096 1.9585
H 18.9791 7.40545 1.67146
H 19.7869 8.65767 2.33918
O 7.90855 17.8777 1.01733
H 8.25649 18.0831 1.93205
H 8.63412 17.4594 0.470911
O 19.1326 9.80913 -9.28849
H 19.8397 9.33766 -8.76147
H 19.4193 10.7512 -9.46283
O 7.89495 13.4455 19.4807
H 6.94883 13.6963 19.2758
H 8.50727 14.1724 19.1697
O 10.0656 16.3281 0.121503
H 10.7633 15.8281 0.634449
H 9.36378 15.6902 -0.195534
O 16.9397 -19.8472 -1.03378
H 16.0276 -19.4854 -0.840781
H 17.5686 -19.0896 -1.20872
O 13.1439 -17.5175 -18.1366
H 13.3112 -17.4804 -19.1218
H 13.5785 -16.7325 -17.695
O 18.7557 5.85863 -6.687
H 17.9792 6.09509 -7.27112
H 18.4209 5.46719 -5.82985
O 14.6308 10.8945 9.99186
H 14.6268 10.7288 9.0057
H 14.0131 10.2489 10.4408
O 15.6137 7.85519 9.94815
H 15.8693 6.8893 9.90657
H 14.6254 7.94406 9.82428
O 9.05957 5.63635 -17.9956
H 9.36731 4.68615 -18.0446
H 9.08602 6.04283 -18.9089
O 16.2596 7.69747 -12.4286
H 17.1431 7.32624 -12.7142
H 16.0542 8.51756 -12.9627
O 16.2666 3.18476 17.7001
H 16.8495 3.26306 18.5089
H 16.3347 4.02222 17.1578
O -18.227 7.93059 -14.9717
H -17.6027 8.68362 -15.1795
H -19.1575 8.285 -14.8787
O 5.21223 19.7669 8.3481
H 6.04871 -19.6859 8.377
H 4.86902 19.732 7.40949
O 13.4333 7.90736 -0.239522
H 12.9899 8.30463 0.563993
H 14.1104 7.23219 0.0530811
O 14.3407 19.5056 -8.04954
H 14.8922 19.4092 -7.22097
H 14.283 -19.5282 -8.30097
O 18.9368 14.0034 -3.75202
H 19.6201 13.6476 -3.11445
H 18.0426 13.6118 -3.535
O 5.44141 -19.9594 11.3022
H 5.82093 -19.9201 10.3779
H 4.64337 -19.3597 11.3607
O 13.6744 17.3356 2.1774
H 13.8369 16.3709 2.38488
H 13.0052 17.7068 2.82108
O 16.5445 5.3756 9.9389
H 16.8305 5.70319 10.8394
H 15.9709 4.56356 10.0464
O 6.09394 13.5214 15.1059
H 6.63886 13.5905 14.2703
H 6.44799 12.7787 15.6743
O 10.1433 12.0569 8.60788
H 10.8152 11.6868 7.96642
H 9.74393 11.3104 9.14
O 9.20187 15.256 -13.8597
H 8.46086 15.1267 -14.5186
H 9.61343 14.3708 -13.643
O 19.6315 7.99441 -5.1082
H 19.7006 7.59305 -4.19489
H 19.6288 7.2658 -5.79313
O 6.72192 7.04524 -1.80573
H 6.45244 6.61008 -2.66481
H 6.33503 7.96637 -1.76298
O -18.6189 13.6536 -17.6701
H -18.3974 14.2216 -16.8774
H -18.6817 12.6965 -17.3873
O 2.80223 9.68995 -12.1802
H 2.94664 10.4996 -11.6114
H 2.99162 8.8676 -11.6437
O 6.95906 -19.9432 13.7046
H 6.92857 -19.8936 12.7063
H 6.05427 19.8134 14.054
O 9.40776 8.28837 -1.15956
H 8.52897 8.02787 -1.55939
H 9.30813 8.38383 -0.169129
O 17.3488 8.60629 17.1926
H 17.4884 9.24379 16.435
H 16.3701 8.51788 17.3778
O -19.3904 11.8292 13.536
H -19.5322 11.7111 14.5188
H -18.4452 11.598 13.3054
O 17.0679 -1.21712 -8.39618
H 16.8207 -2.14694 -8.12349
H 17.8165 -0.888704 -7.82022
O 12.1934 18.6824 -17.7825
H 11.4769 19.0029 -18.4021
H 12.926 18.2555 -18.3125
O 10.9286 5.50645 -13.7764
H 11.7172 4.89207 -13.7527
H 10.9328 6.02134 -14.6336
O 12.8522 -18.9989 -15.784
H 12.5133 -18.5079 -16.5865
H 13.4595 -19.7373 -16.0769
O 13.8462 12.7858 11.6407
H 14.351 12.1992 11.0073
H 12.9293 12.9553 11.2792
O 13.5992 8.38714 -18.0876
H 13.962 8.38216 -17.1558
H 13.0122 9.18701 -18.2125
O -19.4936 13.7392 -13.0958
H 19.8545 13.5359 -12.3653
H -18.8675 12.9675 -13.2082
O 15.8156 13.5141 6.41665
H 16.6602 13.5636 6.94974
H 16.036 13.5233 5.44129
O 9.21331 4.70411 4.43451
H 9.41618 4.45633 3.48717
H 9.83445 4.21542 5.04718
O 16.586 5.54347 16.1405
H 16.1611 6.36132 16.5285
H 17.4459 5.79377 15.6956
O 13.3631 7.75503 -9.4169
H 13.6436 7.78359 -10.3763
H 12.3682 7.66997 -9.3629
O -19.7569 19.016 -2.22467
H -19.5061 18.0585 -2.36651
H -19.546 19.5415 -3.04895
O 8.6116 17.2276 -9.35161
H 9.52375 16.8238 -9.2814
H 8.28565 17.1529 -10.294
O 18.9703 0.836425 -16.0763
H 19.5179 0.223542 -16.646
H 19.5703 1.33482 -15.4506
O 6.38795 -19.5618 0.249051
H 6.49835 -19.3658 -0.72533
H 7.12125 19.8295 0.551784
O 13.9382 -17.7717 16.594
H 13.2043 -17.9644 15.9426
H 14.8221 -17.8501 16.1331
O 7.41567 8.92103 8.52334
H 6.77988 8.19597 8.78806
H 6.94485 9.80289 8.54882
O 3.39201 15.0779 10.9563
H 2.96939 14.3231 11.4581
H 3.37237 15.9045 11.5188
O 17.4844 16.1033 -8.9407
H 16.8705 16.6912 -9.4675
H 17.8087 16.5977 -8.13419
O -18.1326 6.42843 -18.5211
H -17.3048 5.99673 -18.8794
H -18.9052 6.21524 -19.119
O 19.206 7.35794 -1.672
H 18.5068 6.64594 -1.60757
H 18.7986 8.24565 -1.45768
O 18.0525 1.09635 -13.3417
H 17.1033 1.36374 -13.1761
H 18.1066 0.565745 -14.1876
O 16.0603 -19.374 -11.0493
H 15.2975 -18.7597 -10.8476
H 16.2033 -19.4144 -12.0382
O 9.88196 9.54971 -16.9247
H 9.78534 8.68932 -17.4251
H 9.49534 9.44748 -16.0081
O 18.9729 11.604 -0.205004
H 19.8413 11.1964 -0.487498
H 18.2443 10.9236 -0.283209
O 2.92423 19.942 -5.43731
H 2.67126 19.2097 -4.80506
H 3.29539 19.5444 -6.27647
O 10.0925 15.183 18.8816
H 10.9478 14.9373 18.4253
H 10.2498 15.2582 19.8663
O 8.95305 10.927 -19.9395
H 8.40035 11.6844 19.7127
H 8.39493 10.3561 -19.3374
O 3.26795 19.9753 -10.3585
H 4.06807 -19.483 -10.101
H 2.6895 -19.492 -10.9763
O 4.13037 9.20588 3.21407
H 4.37927 9.85544 3.93249
H 3.14012 9.22477 3.0761
O 4.65138 11.4523 10.5231
H 4.2184 11.5769 11.4159
H 5.23753 12.2378 10.3244
O 9.28486 18.9358 -17.0232
H 10.1828 19.3286 -16.8246
H 9.143 18.9118 -18.0128
O 17.2031 16.2868 5.13292
H 17.7234 16.8304 4.47439
H 17.814 15.9651 5.85629
O 7.46806 15.9053 6.27981
H 7.11734 15.4445 5.46458
H 7.78595 15.2227 6.93781
O 16.6791 -19.2442 -13.8363
H 16.8662 -18.8575 -14.7393
H 17.4 -19.8944 -13.5963
O 15.9688 14.5093 -19.2785
H 16.7651 15.0648 -19.039
H 16.2612 13.7274 -19.8291
O 3.7692 18.9622 -7.77703
H 3.31808 19.4559 -8.52055
H 4.7469 18.8859 -7.97265
O -18.928 19.5599 6.28681
H -19.3808 -19.8708 5.60065
H -18.0027 19.9035 6.44712
O 3.63576 4.76884 -16.4329
H 3.17673 4.8262 -17.3195
H 4.55671 4.39965 -16.5577
O 2.84211 4.08425 -13.7613
H 2.85515 4.1307 -14.7602
H 2.33816 4.86774 -13.3978
O 3.34233 13.4101 -15.9528
H 3.18031 14.3915 -16.0556
H 3.88795 13.0798 -16.723
O 10.6843 18.2779 -5.77758
H 11.2456 17.5791 -5.33413
H 10.9833 18.394 -6.72476
O 7.95463 14.2157 -17.101
H 7.35732 13.994 -16.3302
H 7.50794 13.9513 -17.9557
O 1.58827 11.9529 18.9483
H 1.24641 12.047 18.0132
H 1.7444 12.86 19.339
O 9.65153 10.2024 -7.85183
H 9.84562 10.638 -8.73083
H 10.4642 9.7129 -7.53575
O 8.06166 9.78181 -10.6295
H 8.02848 8.87949 -11.0593
H 7.2921 10.333 -10.9519
O 11.1573 13.0318 10.9773
H 10.5991 12.5515 11.6538
H 10.6828 13.0376 10.0971
O -18.5722 10.0979 -0.927274
H -18.1185 9.85272 -1.784
H -17.9877 9.84522 -0.156285
O 10.5961 3.74974 6.59518
H 10.6002 4.34346 7.39985
H 10.8382 2.81833 6.86695
O 9.41675 3.9096 1.78394
H 8.63581 4.12622 1.1981
H 10.264 4.02013 1.26437
O -16.8616 13.7361 -8.59092
H -16.2297 14.4794 -8.81029
H -17.7886 14.1011 -8.50502
O 14.9769 2.94858 -8.10246
H 15.5559 3.46374 -8.7344
H 14.0375 3.28649 -8.16028
O 13.1624 3.87032 -13.5766
H 13.3822 3.74751 -12.6088
H 14.0068 4.00099 -14.0962
O 17.2931 9.52207 8.5869
H 16.8008 9.07536 9.33393
H 16.6735 10.1384 8.10089
O 17.1948 12.0178 -17.4695
H 16.2252 11.9187 -17.6929
H 17.317 12.7951 -16.8525
O 12.5858 3.05044 9.5461
H 11.6166 2.90196 9.74222
H 12.8544 2.49899 8.75631
O 16.3122 1.03327 -9.82166
H 16.0063 1.46253 -8.97184
H 16.54 0.0751959 -9.64793
O 14.0928 19.1386 5.74999
H 14.1792 19.3753 4.78225
H 14.216 18.1529 5.86436
O 6.30531 6.91369 15.6071
H 6.19068 6.12417 15.0042
H 5.5815 7.57943 15.4257
O 3.59795 -18.4926 -3.28045
H 3.2095 -19.0494 -4.01466
H 4.23381 -17.8256 -3.66875
O 11.8875 -19.7533 18.8643
H 11.7116 -19.3713 17.957
H 12.678 -19.2955 19.2712
O 8.2485 9.26506 3.60918
H 8.00329 8.30823 3.45314
H 9.24097 9.34376 3.70304
O 12.4689 11.3751 -8.20766
H 11.8398 11.1301 -8.94543
H 13.363 10.9623 -8.38112
O 5.74407 7.09782 9.70868
H 4.77322 6.99494 9.49218
H 6.1731 6.19562 9.753
O 4.16975 17.3191 -14.1832
H 4.47812 18.1409 -14.6624
H 4.37037 17.4073 -13.2075
O 16.134 17.9013 -16.8878
H 15.5186 17.6664 -17.6402
H 15.6023 18.2676 -16.1242
O 17.9083 18.1427 -7.20204
H 17.2912 18.5461 -6.5264
H 18.0182 18.7726 -7.97094
O 13.833 2.50198 19.0678
H 14.0728 3.01381 19.8927
H 14.6367 2.42526 18.4777
O 4.34791 17.5914 -11.4432
H 3.54007 18.0386 -11.0593
H 5.14817 18.1756 -11.308
O 7.56215 14.943 -5.3274
H 7.81026 15.8845 -5.09909
H 7.76318 14.7698 -6.29155
O 9.68504 8.59031 11.0298
H 8.77346 8.22116 11.2108
H 10.0004 8.27566 10.1345
O 9.32428 -17.9799 14.2116
H 9.02054 -17.028 14.25
H 8.53969 -18.5857 14.3436
O 2.70642 12.8223 12.5702
H 3.21112 13.2888 13.2966
H 1.96387 12.2861 12.9716
O 11.2714 1.6105 -1.32876
H 10.3748 1.9963 -1.54641
H 11.4808 0.871817 -1.96944
O 15.5623 1.69931 -12.347
H 14.5653 1.63944 -12.3952
H 15.8506 1.69498 -11.3894
O 11.944 10.6132 -18.4623
H 11.1417 10.0433 -18.2849
H 11.6654 11.4362 -18.9574
O 4.04492 6.35886 5.99349
H 3.36775 6.63402 6.67593
H 4.8678 6.02761 6.45517
O 14.7097 15.8265 -3.9153
H 14.946 15.2211 -4.67531
H 15.356 16.5889 -3.88308
O 12.5916 4.00482 -8.12864
H 11.6539 4.15003 -8.44409
H 12.6988 4.3914 -7.21264
O 10.1262 -19.2348 -9.04067
H 10.1352 -18.7583 -8.16158
H 10.6593 19.9222 -8.96829
O 14.6384 5.15298 -16.0194
H 15.0117 6.06412 -15.8448
H 15.2189 4.46568 -15.5827
O 8.6711 8.42978 -14.1596
H 8.37656 8.16658 -13.2409
H 8.23203 7.83551 -14.8334
O 15.3172 11.2345 3.6952
H 14.618 11.785 3.23901
H 16.2157 11.6478 3.54744
O 14.7188 15.5664 11.9951
H 14.095 15.9909 11.3389
H 14.4652 14.6077 12.1239
O 12.3106 17.4979 13.0855
H 12.8697 18.2828 12.8184
H 12.7722 16.9925 13.8145
O 6.15355 11.5274 -11.1762
H 6.87439 12.2205 -11.1799
H 5.29505 11.941 -10.873
O 7.93398 6.20951 11.9545
H 8.85213 5.8229 12.0413
H 7.40976 5.67737 11.2896
O -19.6559 11.6695 2.20299
H 19.9174 11.4772 1.31927
H -18.7925 11.1697 2.27202
O -14.5812 9.23952 -3.25646
H -13.6745 9.37143 -2.8559
H -14.5552 9.4804 -4.22666
O 13.4784 9.04627 6.1016
H 13.9728 8.76792 5.27816
H 13.0764 8.24091 6.53722
O -18.7591 7.84806 5.7433
H -19.5992 8.38894 5.70365
H -17.9907 8.44275 5.97971
O 2.05836 14.6064 19.6838
H 2.08018 15.0327 18.7794
H 2.33636 15.2745 -19.626
O 19.3926 14.7883 12.7739
H 19.4929 13.8362 13.0626
H 18.5801 15.1829 13.203
O 7.9495 16.8296 -11.9918
H 8.47294 16.5352 -12.7914
H 7.34172 17.5808 -12.2494
O 12.5205 17.4073 -11.5774
H 12.6592 18.1875 -12.1873
H 13.3722 16.889 -11.5004
O 7.21487 11.0797 5.46467
H 7.426 10.3113 4.86053
H 7.87409 11.8157 5.31064
O 15.1487 11.7405 0.33063
H 15.5477 12.5612 -0.0785044
H 15.841 11.0203 0.375623
O 5.12465 14.6624 -8.19796
H 4.83859 14.6858 -9.15589
H 5.1272 13.7163 -7.87389
O 7.64328 6.72235 3.45641
H 6.64652 6.65252 3.41646
H 8.02311 5.86923 3.81406
O 17.3479 7.34507 4.86303
H 17.6733 6.8342 5.65871
H 17.4727 6.79301 4.03863
O 12.1504 10.5512 -5.72277
H 12.302 10.9223 -6.63889
H 13.0269 10.2847 -5.32181
O -18.9413 14.0914 3.57197
H -19.6904 13.7289 3.01738
H -18.5163 13.3463 4.08595
O 7.61576 10.0558 13.6739
H 6.79377 9.62343 13.3033
H 8.35084 9.38028 13.7311
O 10.366 14.9926 -18.3397
H 10.9985 15.3502 -17.6527
H 9.49048 14.7776 -17.9068
O 17.5637 -18.1489 -16.1339
H 18.4732 -18.0961 -15.7214
H 17.6133 -18.6727 -16.9843
O 15.3712 10.5494 -8.29851
H 15.5783 10.0113 -9.11557
H 16.1908 10.621 -7.73007
O 14.9384 7.19792 17.5291
H 14.4978 7.24944 18.4253
H 14.2677 7.40135 16.8157
O 15.1079 10.8452 7.36247
H 15.2554 11.627 6.75653
H 14.4519 10.2176 6.94321
O -19.729 1.8222 -11.8456
H 19.5419 1.32455 -12.3154
H -19.163 2.29822 -12.5186
O -18.6005 9.88423 -6.44939
H -18.8935 10.3771 -5.63009
H -18.9287 8.9406 -6.40591
O -14.0861 9.86234 -5.84992
H -14.5468 10.5991 -6.34481
H -13.6153 9.26699 -6.50102
O 6.89554 16.6975 12.5869
H 7.85256 16.9036 12.791
H 6.68244 16.992 11.6553
O 6.10819 9.43763 -1.18284
H 5.99712 9.41426 -0.189307
H 6.26429 10.38 -1.47871
O 10.5566 4.27533 16.4854
H 11.0785 5.02608 16.8903
H 10.8272 3.4127 16.9127
O 3.37347 16.5753 -18.9934
H 4.27016 16.8509 -19.3398
H 3.42036 16.4606 -18.0011
O 15.0413 18.5988 -14.4715
H 14.1523 18.9705 -14.2041
H 15.7604 19.2529 -14.2366
O 16.8157 18.7344 13.5473
H 16.0206 19.1513 13.1068
H 17.5805 18.7132 12.9034
O 9.77614 12.6707 -13.849
H 8.84157 12.3349 -13.9665
H 10.3949 12.1458 -14.4335
O 13.0902 11.1368 18.6135
H 12.7349 11.8254 19.2457
H 13.922 10.7326 18.9939
O 17.1536 5.8027 -1.0934
H 16.2526 6.0702 -0.751806
H 17.2591 4.81139 -1.01472
O -18.1308 12.8703 6.14188
H -18.8708 12.3116 6.51641
H -18.3922 13.8349 6.17415
O 19.5037 14.5003 18.3171
H 19.265 15.1176 17.5676
H 18.6963 13.9757 18.5869
O -19.1657 16.5975 2.93863
H -18.8658 15.6809 3.20299
H -18.724 16.858 2.08009
O -17.0246 9.91166 5.47837
H -16.0975 10.2117 5.25379
H -17.5549 10.6903 5.81378
O -19.9296 -17.8676 -15.4892
H -19.336 -17.0955 -15.2624
H -19.5351 -18.3782 -16.2531
O 15.0258 8.53189 4.09012
H 15.7478 7.98294 4.51127
H 15.3254 9.4838 4.0259
O 15.6938 18.0234 -10.1533
H 15.1592 18.4709 -9.43643
H 16.1731 18.7156 -10.6929
O 13.654 4.44801 -10.815
H 14.6191 4.70603 -10.7689
H 13.3359 4.1833 -9.90469
O -19.5022 12.1935 -9.51975
H -19.5338 12.9748 -8.89634
H -18.5509 11.9898 -9.75105
O 16.1975 12.7664 -3.84508
H 15.4875 13.1146 -3.23306
H 15.7781 12.1979 -4.55279
O -19.9761 11.5742 10.8059
H -19.8506 11.6909 11.7911
H 19.5474 12.3708 10.4339
O 11.1649 15.8424 -9.61147
H 10.8415 14.9826 -10.0067
H 11.6978 16.3431 -10.2936
O 18.4484 13.6037 7.58005
H 18.9929 12.7709 7.67987
H 18.4343 14.0989 8.44873
O 8.32869 15.198 2.75088
H 8.96273 15.9406 2.96632
H 7.50038 15.5762 2.33756
O 7.52463 5.25859 6.9759
H 7.97188 4.77915 6.22085
H 8.14872 5.94335 7.35222
O 17.7531 9.19246 -17.5646
H 18.5476 9.05745 -18.1566
H 17.3513 10.0902 -17.7455
O 8.54165 -16.0266 8.98505
H 9.14639 -16.823 8.9897
H 9.09042 -15.1916 8.94438
O 10.4485 17.8063 9.49361
H 10.8386 17.0607 10.0338
H 10.5881 17.6216 8.52078
O 14.188 -19.7318 8.88175
H 13.8959 -19.9597 7.95292
H 14.9775 19.707 9.13011
O 7.45919 6.84717 -16.1153
H 6.64758 7.05861 -16.6599
H 8.11208 6.33636 -16.6746
O 10.3652 5.19105 12.8836
H 9.76729 5.21554 13.6847
H 11.305 5.38828 13.1629
O 16.4023 18.0771 -3.1946
H 16.4823 18.9326 -2.68287
H 17.0277 17.3986 -2.80939
O 12.9752 6.38965 12.7657
H 13.2377 6.06807 13.6755
H 12.9869 7.38945 12.7493
O 10.9357 9.57948 3.75088
H 11.0636 10.4811 4.16395
H 11.5065 9.50335 2.93333
O 7.13141 13.918 12.2674
H 6.57204 13.856 11.4408
H 7.34241 14.8771 12.4559
O 13.1847 -18.356 11.0304
H 13.5875 -18.6633 10.1682
H 12.2626 -18.0077 10.8621
O 10.8019 3.65845 -18.6017
H 11.3915 3.56424 -17.7995
H 11.3106 3.39652 -19.4218
O 19.9851 11.3264 7.50711
H 19.4206 10.7502 6.91614
H -19.8378 10.8488 8.36766
O 10.5321 13.4159 -10.5357
H 11.0303 13.1507 -11.3612
H 10.5905 12.6806 -9.86047
O 5.80434 15.8897 -0.606929
H 6.71174 15.4761 -0.681874
H 5.80785 16.7843 -1.05367
O 14.8196 19.5561 12.0826
H 15.0333 18.7732 11.4982
H 14.6215 -19.6466 11.5124
O 11.6117 17.393 16.8398
H 12.1066 16.5331 16.7143
H 11.72 17.7051 17.7836
O 4.64066 19.1673 5.41545
H 4.03177 18.504 4.98038
H 4.65206 -19.9888 4.87905
O 12.8163 5.44499 5.23234
H 12.1664 4.91212 5.77428
H 13.3215 6.06494 5.83271
O 15.5597 3.81618 -5.48821
H 15.4509 3.31635 -6.34747
H 14.6589 4.02205 -5.10598
O 5.3557 9.13358 12.0585
H 5.24836 9.87628 11.3976
H 5.57305 8.28575 11.5748
O 11.5925 2.00073 17.4549
H 12.4137 2.3183 17.9291
H 11.6486 1.01183 17.3172
O 7.07092 4.8628 -14.003
H 6.84141 4.06354 -14.5584
H 7.30782 5.6279 -14.6017
O 18.719 18.0195 -0.119932
H 17.7969 18.4062 -0.106022
H 19.2914 18.5452 -0.749323
O 17.7601 10.5176 -6.5135
H 18.1289 10.6024 -7.43913
H 18.1503 11.2319 -5.9325
O 17.7529 6.76765 12.0633
H 18.4415 6.55126 12.7554
H 17.9532 7.66138 11.6619
O 6.53023 10.3097 -8.17537
H 7.26292 10.2026 -8.84745
H 6.92637 10.3949 -7.26114
O 4.00961 11.317 0.229673
H 4.13026 11.6803 1.15348
H 3.6836 12.0441 -0.374528
O 18.5078 10.0471 -3.48082
H 17.5418 10.1792 -3.70297
H 18.8941 9.34439 -4.07829
O 10.8356 7.32108 -8.43122
H 11.2802 7.25434 -7.53803
H 10.5764 6.40717 -8.74367
O 17.5418 19.982 -18.0859
H 17.8442 19.5803 -18.9503
H 17.1361 19.2708 -17.5118
O 12.2454 3.22638 -16.3716
H 13.0645 3.68101 -16.7216
H 12.326 3.11019 -15.3817
O 15.645 17.9593 10.1527
H 16.6262 17.8616 9.98605
H 15.15 17.2457 9.65697
O 5.93221 7.77815 -6.45267
H 5.68839 8.60443 -5.94491
H 6.92715 7.67928 -6.47046
O 13.6877 10.5393 -2.1739
H 12.8756 9.96025 -2.10212
H 13.785 11.0819 -1.33957
O 16.5632 8.73926 -9.88467
H 16.5255 8.20098 -10.7266
H 17.4654 9.1622 -9.79957
O 1.44905 6.13786 -12.3591
H 2.29474 6.51835 -11.9849
H 0.803988 5.96382 -11.6151
O 7.85621 13.7466 8.15159
H 8.80106 13.4685 8.32469
H 7.24296 12.98 8.34226
O 13.8135 -17.7271 19.2331
H 14.5384 -18.4053 19.3542
H 13.7044 -17.5261 18.2596
O 16.9496 13.3422 -8.07705
H 17.2921 14.2365 -8.36499
H 16.2419 13.4646 -7.38121
O 3.43286 7.69565 -15.9437
H 3.55593 6.73042 -15.7131
H 2.62901 8.05224 -15.4676
O 11.2117 5.86456 8.2611
H 10.9425 6.77995 7.96176
H 11.9465 5.93705 8.93549
O 9.74491 11.4782 1.51156
H 9.26376 11.757 2.34271
H 9.24974 11.8153 0.710828
O 9.651 -19.8038 6.65232
H 10.5685 -19.5478 6.34789
H 9.0568 -19.9223 5.85678
O -19.6377 17.6175 -15.3055
H -19.6027 17.3956 -14.331
H 19.5884 17.1453 -15.7273
O 8.65474 7.7133 -6.44325
H 8.98851 7.85882 -7.3746
H 9.39555 7.35336 -5.87611
O 18.0817 18.4669 -13.5374
H 18.5753 17.8816 -12.8941
H 17.6751 17.9032 -14.2564
O 18.5178 11.4141 -14.3639
H 18.5204 11.5691 -13.3759
H 18.068 12.1818 -14.8204
O 15.6078 14.6053 17.2872
H 16.0165 14.4769 16.3836
H 15.8494 13.8333 17.8751
O 11.7849 11.1924 -15.1839
H 11.614 10.5172 -14.4664
H 11.2882 10.932 -16.0118
O 8.6311 19.0471 -14.326
H 8.79585 18.9034 -15.3018
H 9.16038 18.3835 -13.7973
O 8.80283 12.8803 4.07293
H 9.78426 12.7244 4.18462
H 8.6538 13.769 3.63925
O 13.3388 15.2711 -1.25736
H 12.7335 14.476 -1.29543
H 13.8159 15.3689 -2.13071
O 3.33412 12.1392 -10.4581
H 3.51071 13.1232 -10.4339
H 3.30362 11.7829 -9.52422
O 18.4118 19.3955 11.4548
H 17.9213 -19.8298 11.0558
H 18.5407 18.6886 10.7593
O 14.3326 11.8385 -14.4545
H 13.3834 11.782 -14.764
H 14.5545 12.7877 -14.2315
O 18.8354 1.91924 -9.39778
H 18.0374 1.50837 -9.83869
H 19.6515 1.73225 -9.94461
O 14.6099 14.8386 -16.5875
H 13.6857 15.1495 -16.809
H 15.086 14.5823 -17.4287
O 3.45688 12.8837 2.549
H 3.59703 12.4422 3.43528
H 4.06642 13.6724 2.46939
O 7.7332 14.8796 -7.97006
H 6.77025 14.6454 -8.10382
H 7.92606 15.7588 -8.40569
O 17.2189 9.68597 0.146891
H 17.6533 9.15805 0.876674
H 16.6499 9.08026 -0.409276
O 12.1017 -16.7145 -1.41592
H 12.7599 -17.4556 -1.28369
H 11.9228 -16.5979 -2.39286
O 7.48092 4.92831 0.338013
H 7.57262 5.79517 -0.152041
H 6.73289 4.39763 -0.0605291
O -19.3995 9.27658 -18.1576
H -19.1665 9.70873 -19.0288
H -18.9301 8.39647 -18.0861
O 10.0724 8.59434 8.23041
H 9.09309 8.77944 8.31217
H 10.2595 8.17645 7.3414
O 19.7977 15.0643 -0.331577
H -19.4828 15.4845 0.221457
H 19.2472 14.4581 0.242459
O 12.7317 9.42605 11.2001
H 12.9238 9.61139 12.1639
H 11.8483 9.82468 10.9538
O 14.9961 -16.223 -16.3975
H 15.1438 -16.3039 -15.4118
H 15.8211 -16.512 -16.8831
O 17.9567 18.662 19.554
H 18.3491 19.358 18.9527
H 17.2101 18.1948 19.0803
O 16.9771 12.3973 18.8499
H 16.3094 11.6673 18.704
H 17.6628 12.0943 19.5117
O 15.6817 9.13 -3.17692
H 15.0226 9.64792 -2.63158
H 15.4266 8.16309 -3.17814
O 13.7944 -17.6148 1.89129
H 12.9201 -18.0166 2.16362
H 13.7053 -16.6197 1.84946
O 3.46563 16.2841 -6.78397
H 4.09842 15.8027 -7.39043
H 3.39451 17.2404 -7.06768
O 14.7057 15.9712 -11.4271
H 15.146 16.5865 -10.7732
H 14.794 15.0275 -11.1083
O 19.1202 5.4014 14.2791
H 18.5997 4.55473 14.3896
H 19.7696 5.49432 15.0338
O 13.4812 14.9016 3.45687
H 13.2374 15.2965 4.34269
H 14.3915 14.4916 3.51385
O 10.8725 17.3407 -14.2295
H 10.3367 16.5089 -14.0848
H 11.4224 17.5286 -13.4157
O 8.64652 17.2339 -4.46899
H 9.24417 17.6009 -5.18184
H 9.20321 16.8476 -3.73356
O 6.66196 4.85391 13.8764
H 7.16277 5.443 13.2423
H 6.99206 3.91397 13.7896
O 9.66366 12.4721 15.469
H 9.62412 12.698 14.4956
H 8.91122 11.8548 15.6987
O 6.07613 16.2176 19.9079
H 5.67652 15.3839 19.5268
H 6.84108 16.5126 19.3353
O 11.8957 11.1518 6.73657
H 11.752 11.7103 5.91961
H 12.4885 10.3785 6.51164
O 18.4476 16.0048 -19.091
H 19.04 15.6506 -19.8146
H 18.5039 17.0031 -19.073
O 7.38226 11.1576 -14.9131
H 6.60389 10.8352 -15.4518
H 7.59233 10.4903 -14.1985
O 7.41115 -18.3665 8.03907
H 8.2195 -18.9182 7.83362
H 7.6922 -17.5164 8.4843
O 13.3535 7.46291 -12.612
H 14.353 7.45838 -12.5819
H 13.0095 6.54765 -12.4022
O 6.34232 16.4339 -17.4985
H 7.21974 15.9861 -17.3264
H 6.18449 16.4901 -18.4843
O 9.54513 8.39346 13.771
H 9.29748 7.52487 14.2002
H 9.63064 8.26461 12.783
O 15.8083 17.2737 18.2303
H 15.2906 17.8854 17.632
H 15.8747 16.3704 17.8063
O 6.00183 9.7242 18.6457
H 5.3091 9.04126 18.8774
H 6.91193 9.3483 18.8201
O 16.0677 14.7571 -0.716302
H 16.6194 15.3752 -1.27631
H 15.1023 15.0046 -0.798915
O 18.3276 11.6038 4.03042
H 19.1176 11.6725 3.42119
H 17.8214 12.4662 4.01838
O 15.3967 10.6387 -5.36273
H 16.295 10.5537 -5.79385
H 15.3669 10.0713 -4.53987
O 18.8533 9.53073 5.49997
H 18.0935 8.88401 5.43292
H 18.6244 10.3667 5.00129
O -18.4403 17.4061 0.312092
H -17.9782 18.1083 -0.229522
H -19.4286 17.5545 0.276756
O 11.6689 6.76524 17.2805
H 12.1695 7.00509 16.4488
H 12.2756 6.85002 18.0709
O 13.4825 5.49065 9.78811
H 13.2465 4.52259 9.87273
H 13.5578 5.89624 10.6991
O -19.6165 10.8403 15.8949
H -19.1092 10.3915 16.6305
H 19.4053 10.668 16.0112
O 6.8666 -17.0794 4.98831
H 6.84942 -16.231 5.51738
H 6.95941 -17.8577 5.60935
O 13.2447 6.71603 2.83175
H 13.9546 7.35074 3.13709
H 12.8745 6.22553 3.62061
O -17.2226 9.25191 -3.09343
H -17.6566 9.9175 -3.70063
H -16.2286 9.33385 -3.16509
O 8.60577 -18.2368 -3.2204
H 7.70701 -18.646 -3.06304
H 9.31861 -18.8837 -2.94962
O -19.041 11.1627 -4.10224
H -19.8613 10.8798 -3.60507
H -18.7955 12.0951 -3.83698
O 11.4806 -18.4838 -11.5444
H 10.7054 -18.3362 -12.1587
H 11.1535 -18.8701 -10.6819
O 13.2434 18.115 -0.335462
H 13.0649 17.216 -0.735445
H 13.5631 18.0036 0.605492
O 8.45744 17.3658 18.5275
H 9.05868 16.5939 18.7342
H 8.46829 17.5424 17.5433
O 3.81105 15.9953 -16.4581
H 4.77143 16.0387 -16.7334
H 3.71143 16.3691 -15.536
O 14.1476 16.671 14.9793
H 14.8967 16.8167 14.333
H 13.8158 15.7311 14.8986
O 19.2215 5.97994 -19.3142
H 18.353 6.02218 -18.8203
H 19.2917 6.76262 -19.9327
O 7.61397 13.9276 -10.9843
H 7.71371 14.8474 -11.3638
H 8.51682 13.5579 -10.7648
O 11.332 5.18893 -2.46107
H 10.7245 5.10385 -3.25081
H 11.4823 6.15668 -2.25894
O 6.12618 -19.3973 -2.48155
H 6.13487 19.645 -2.76916
H 5.19071 -19.046 -2.5205
O 4.35619 12.9901 -13.3767
H 4.29194 11.9933 -13.3297
H 3.80964 13.3235 -14.1449
O -18.0491 9.28717 2.58021
H -18.3267 9.24611 3.54004
H -17.6511 8.41033 2.31055
O 10.7028 9.91986 18.1049
H 10.0432 10.1425 18.8228
H 11.6036 10.2717 18.3593
O 2.52004 15.319 17.1017
H 2.87654 14.8103 16.3181
H 2.59595 16.3003 16.9246
O 19.3362 12.3925 -19.1386
H 18.7267 12.3441 -18.3472
H -19.9754 13.1016 -18.9861
O 16.4424 6.71888 -7.94021
H 15.5708 6.82522 -7.46175
H 16.5655 7.47663 -8.58105
O 11.6426 4.63919 0.388174
H 11.6753 4.70878 -0.608867
H 12.5701 4.69984 0.757096
O 12.0796 16.0265 -16.3737
H 11.7616 16.1281 -15.431
H 12.1464 16.9277 -16.8019
O 14.4908 11.7181 -17.584
H 13.5631 11.5028 -17.889
H 14.4723 11.9789 -16.6188
O 15.8551 3.16638 -14.6573
H 16.7332 2.86289 -15.0273
H 15.6033 2.58902 -13.8806
O 3.78745 7.28638 -11.2291
H 4.3773 6.70836 -11.793
H 4.28743 7.57755 -10.4134
O 4.37373 1.80004 -14.2273
H 3.90306 2.58681 -13.828
H 3.93587 0.956542 -13.9162
O 9.61787 17.4018 12.9368
H 10.5937 17.5921 13.0445
H 9.15059 18.2267 12.6186
O -17.2259 6.90575 1.58288
H -17.4807 6.34454 0.795395
H -17.3251 6.36899 2.42076
O 7.46287 3.85799 -7.66842
H 7.01687 2.96916 -7.77366
H 6.93529 4.55519 -8.15378
O 13.6323 13.5505 8.01454
H 12.8976 12.9382 7.72253
H 14.4734 13.3189 7.52562
O 16.5831 19.9476 6.49243
H 17.0337 19.9417 5.59975
H 15.5964 -19.949 6.36702
O 13.7312 2.24144 -0.566315
H 12.8307 2.05099 -0.957223
H 13.7824 1.85739 0.355577
O 3.94631 16.4411 -4.15505
H 3.67436 15.5178 -3.88382
H 3.85033 16.5394 -5.14557
O 11.7814 -19.9019 0.564685
H 12.2794 19.253 0.370253
H 10.9426 -19.8766 0.0207039
O 1.94932 13.854 -6.37942
H 2.64519 14.5278 -6.628
H 1.06158 14.3068 -6.29638
O 9.52376 -17.3666 -0.219004
H 10.445 -17.0618 -0.460575
H 8.94572 -17.3597 -1.03498
O 1.29385 8.55758 -14.197
H 1.82701 9.02388 -13.4911
H 0.803264 7.7872 -13.7898
O 16.8546 16.0539 13.5937
H 17.1429 17.0108 13.5592
H 16.0723 15.9193 12.9854
O 6.58664 14.3438 -14.6128
H 6.05145 13.6492 -14.1321
H 6.07229 15.201 -14.6402
O 12.4912 19.4306 -13.2109
H 12.2846 -19.9597 -12.4457
H 12.2961 19.8993 -14.0725
O 7.15112 9.41596 -18.5989
H 6.90646 9.85369 -17.7337
H 6.95706 8.43654 -18.5435
O 15.8991 19.3731 -5.64284
H 15.8058 -19.6877 -5.31237
H 15.8517 18.7412 -4.86918
O -18.2645 3.2457 -14.0324
H -18.6285 3.83632 -14.7526
H -17.3338 3.53233 -13.805
O 17.5895 -19.8842 16.8377
H 17.9098 19.451 16.1629
H 16.9136 -19.28 16.4156
O 13.862 16.1273 9.17378
H 13.8415 15.2692 8.66072
H 13.0616 16.1778 9.77111
O 13.326 13.9711 14.0844
H 12.8963 13.3416 14.7318
H 13.2688 13.5904 13.1615
O 18.418 4.6154 3.77711
H 18.7748 4.85058 2.87301
H 19.129 4.76281 4.46469
O 11.6366 18.1949 3.85387
H 10.7061 18.1181 3.49573
H 11.6795 17.7788 4.76218
O 9.38901 -17.8982 -18.6007
H 9.20231 -17.2011 -19.2929
H 10.0601 -18.5491 -18.9556
O 1.52829 10.7339 -16.5134
H 1.59809 11.6146 -16.045
H 1.51359 9.99707 -15.8375
O 14.9038 -17.2476 -13.7285
H 15.5772 -17.9868 -13.742
H 13.9998 -17.6163 -13.9449
O 4.91245 13.715 19.1022
H 3.9885 14.0945 19.1506
H 4.98082 13.1036 18.3139
O 5.97335 11.7799 7.74538
H 5.28078 12.4583 7.50004
H 6.46016 11.4879 6.92216
O 9.56877 -17.5798 -15.8906
H 10.5378 -17.334 -15.8682
H 9.28221 -17.7199 -16.8384
O 4.79646 13.6767 -1.75133
H 4.04802 13.7837 -2.40583
H 4.99535 14.5592 -1.32513
O 12.8843 11.9213 1.93614
H 13.7058 12.2996 1.50942
H 12.5878 11.112 1.42906
O 3.50009 15.8012 8.0893
H 3.14711 15.6186 9.00694
H 3.58621 16.7885 7.95562
O 8.96124 18.0047 15.9431
H 9.89589 17.6492 15.9364
H 8.58935 17.9819 15.0151
O 12.0695 12.7914 -2.12558
H 12.5809 11.9595 -2.34108
H 11.0931 12.6287 -2.26822
O 11.5886 -17.35 -3.96258
H 11.9363 -17.4519 -4.89466
H 10.5936 -17.45 -3.96516
O 9.18969 -18.5763 -13.3085
H 8.81836 -19.4592 -13.5958
H 9.11522 -17.9224 -14.0614
O -18.8269 16.4023 -3.36679
H -18.6114 15.4523 -3.14056
H -18.9871 16.4825 -4.35062
O 18.5725 19.6691 -10.6666
H 19.1157 -19.7765 -11.2971
H 17.6232 19.9832 -10.6794
O 14.5795 17.8845 -19.1943
H 14.6244 18.7045 -19.765
H 14.6677 17.0721 -19.7706
O 14.4885 6.43982 7.31257
H 14.1757 5.87763 8.07812
H 15.3862 6.82484 7.52678
O -18.0723 5.70219 3.92698
H -18.3897 4.81614 4.26492
H -18.236 6.40214 4.62216
O 11.4682 -19.0468 15.4682
H 11.3819 -19.9683 15.0896
H 10.6944 -18.4892 15.1678
O 9.99078 4.8189 -8.95872
H 9.10444 4.65954 -8.52396
H 9.87346 4.85553 -9.95113
O 6.52084 11.7703 -2.38939
H 7.20299 12.1741 -2.99899
H 6.00602 12.4983 -1.93653
O 18.0566 16.2003 -2.31012
H 18.8824 16.3319 -1.76179
H 18.1958 15.4406 -2.94529
O 11.1108 12.7725 -19.6531
H 10.7854 13.6515 -19.3045
H 10.338 12.2502 19.9864
O 18.7964 18.6944 7.4499
H 19.6244 19.1462 7.11781
H 17.9919 19.1851 7.11519
O 18.5423 5.11601 -16.0649
H 19.5042 4.86738 -16.1785
H 18.4031 5.50154 -15.1528
O 4.74733 9.21698 15.1895
H 4.50511 9.35666 14.2294
H 4.54092 10.0459 15.7094
O 7.36212 11.181 16.3695
H 6.79041 10.8795 17.1326
H 7.16977 10.6177 15.566
O 17.5451 2.98738 -0.256234
H 16.8847 2.53978 -0.859143
H 18.3496 3.25742 -0.785171
O 11.7091 8.00976 -2.41162
H 10.8766 8.40173 -2.02001
H 12.356 7.80071 -1.67829
O -18.0544 13.6491 19.6572
H -18.1647 13.8266 -19.3649
H -18.8421 14.0146 19.1612
O 11.0546 7.59314 5.77589
H 11.0878 6.69489 5.33767
H 10.9853 8.3034 5.07537
O 18.1425 6.86072 7.92655
H 17.7651 6.28717 8.65361
H 18.0237 7.82421 8.16649
O 16.8558 13.5717 14.6726
H 16.097 12.9467 14.4894
H 16.7534 14.3936 14.1122
O 8.06206 5.35046 -3.67557
H 7.22228 4.83969 -3.85962
H 7.9992 5.78213 -2.77573
O 5.48283 12.967 -5.27743
H 6.15893 13.7036 -5.26036
H 5.89163 12.1308 -4.91179
O 13.9324 4.38211 -2.65439
H 13.9738 3.8415 -1.81413
H 12.9857 4.43145 -2.97275
O 3.21984 11.8147 -7.82678
H 3.75556 11.2161 -7.23119
H 2.60278 12.372 -7.27126
O 10.0541 18.8825 -19.6429
H 9.39452 18.3738 19.8038
H 10.7471 19.2877 19.7608
O 6.35539 10.0007 1.81937
H 7.00016 9.56093 2.44456
H 5.41985 9.80569 2.11388
O 15.9837 2.10522 -2.34658
H 15.2142 2.11654 -1.70802
H 15.7023 2.51364 -3.21491
O 3.20207 13.7887 -3.91221
H 3.98406 13.257 -4.23747
H 2.4971 13.8124 -4.62106
O -18.7073 13.7587 -2.39585
H -18.0674 13.2641 -1.80763
H -19.3596 14.2623 -1.82944
O 16.8358 9.77347 13.1707
H 16.5375 8.91406 13.586
H 17.4044 9.57788 12.3717
O 1.26966 10.45 13.8894
H 1.78486 9.82522 13.3027
H 1.33717 10.1466 14.8399
O -18.6279 5.29656 -15.7101
H -18.2898 5.4464 -16.6392
H -18.6524 6.16776 -15.2198
O 19.9464 5.3718 5.92522
H 19.283 5.31419 6.67133
H -19.4151 6.12039 6.10395
O -17.513 12.3373 -14.3042
H -18.2454 12.3554 -14.9849
H -17.0088 13.2003 -14.334
O 10.1818 17.5158 6.44505
H 9.25365 17.1787 6.28722
H 10.1667 18.5132 6.51574
O 17.727 13.5257 1.28551
H 18.2141 12.7201 0.948313
H 17.2504 13.969 0.526351
O 16.221 4.68309 -10.0376
H 16.3804 5.46763 -9.43839
H 17.0966 4.3401 -10.3777
O 11.2457 9.55943 15.5197
H 10.9054 9.79921 16.4289
H 10.4784 9.2941 14.9359
O 6.88387 12.4522 0.713661
H 6.08125 12.9855 0.446534
H 6.59076 11.5666 1.07399
O 8.89662 -17.644 2.67049
H 8.2374 -17.0818 3.16987
H 8.98599 -17.3013 1.73528
O 9.83977 11.8731 -4.97485
H 9.60644 12.5983 -5.62257
H 10.6722 11.4098 -5.27884
O 17.7295 10.9487 15.6354
H 17.342 10.615 14.776
H 17.5858 11.9359 15.7047
O 13.9688 7.65585 -6.65888
H 14.2883 8.57143 -6.4146
H 13.7831 7.61857 -7.64077
O 4.34361 13.6855 6.64919
H 4.80702 13.8515 5.77874
H 4.24041 14.5495 7.14196
O 16.4441 14.0922 3.59059
H 16.98 13.971 2.75509
H 16.638 14.9911 3.98359
O 12.8199 14.5884 17.4332
H 12.4628 13.7366 17.05
H 13.7775 14.6981 17.1668
O 17.4411 5.12617 -4.28754
H 16.9752 5.88392 -3.83065
H 16.821 4.70359 -4.94853
O 10.6797 19.9208 -2.96519
H 10.8139 -19.9103 -3.94165
H 10.6046 18.9366 -2.80441
O 2.62798 9.0323 12.0809
H 3.61876 9.03487 12.2163
H 2.41436 9.39884 11.1754
O 18.364 16.4684 -16.1902
H 18.6569 16.0303 -17.0401
H 17.449 16.853 -16.3116
O -17.9565 15.1422 -15.3459
H -17.8942 16.0936 -15.6474
H -18.4168 15.1031 -14.4589
O 9.39849 7.02619 19.6561
H 10.1815 6.90609 19.0458
H 8.72196 7.618 19.2178
O 11.4904 -18.5598 2.87472
H 11.6366 -19.1244 2.06236
H 10.5534 -18.2106 2.87366
O 5.2978 15.5161 2.26185
H 5.25894 16.4527 2.60994
H 5.32038 15.5326 1.26224
O -16.4196 19.6041 -19.1326
H -16.6266 19.7318 19.8975
H -16.1876 18.646 -18.9646
O 14.2634 12.9987 -10.8098
H 14.7821 12.6103 -10.0482
H 13.8259 12.2619 -11.3252
O 19.8641 -18.8712 4.31802
H 19.8114 -17.8818 4.18215
H 18.9593 -19.2748 4.18266
O 10.3113 -17.794 8.46033
H 11.1855 -17.474 8.09509
H 10.2428 -18.7845 8.3411
O 11.4932 7.82747 -5.19588
H 11.741 8.75842 -5.46407
H 11.7957 7.65919 -4.25769
O 13.8622 -17.4178 -11.0901
H 14.3173 -17.1649 -11.9438
H 12.9546 -17.7856 -11.2925
O 9.00922 5.89027 15.1808
H 9.52232 5.24676 15.7488
H 8.14153 6.10997 15.6267
O 11.8621 18.3364 -8.34034
H 12.7516 18.6662 -8.6565
H 11.6838 17.4329 -8.73023
O 2.3386 10.2766 -19.0167
H 1.86488 10.4664 -18.1567
H 1.89408 10.7771 -19.7596
O 12.6776 1.43913 6.81386
H 12.4471 0.600304 6.32067
H 13.3194 1.9799 6.27002
O 5.85926 18.026 -3.09135
H 6.71792 17.6577 -3.44782
H 5.09253 17.501 -3.46079
O 14.0626 5.03962 14.9776
H 13.6445 4.36608 15.5872
H 14.8665 5.43635 15.4206
O 5.15845 6.09935 -4.34481
H 5.47965 6.86179 -4.90652
H 4.18654 6.22035 -4.14295
O 13.0399 -15.034 0.723004
H 12.693 -15.6855 0.0483711
H 12.4356 -14.238 0.759119
O 11.4554 12.5865 4.24307
H 12.0011 12.254 3.47393
H 11.7092 13.5318 4.44781
O 14.7528 14.0156 -6.47977
H 13.8512 14.2403 -6.84942
H 14.7186 13.1182 -6.03985
O 14.997 5.99044 0.856291
H 14.2156 6.04104 1.47834
H 15.655 5.32113 1.20138
O -18.3924 6.61367 -2.78868
H -17.8117 7.30228 -3.22301
H -19.1474 7.06582 -2.31386
O 14.5565 -17.0266 -8.54056
H 14.4076 -17.1698 -9.51898
H 15.0333 -16.159 -8.39948
O -18.5639 14.7035 8.48648
H -18.9278 15.6246 8.3482
H -17.5946 14.6877 8.24112
O 12.1914 15.2975 5.76865
H 12.7064 15.0484 6.58888
H 11.5699 16.0514 5.98146
O 15.1732 19.9305 3.38985
H 14.9171 19.2076 2.74818
H 14.8799 -19.1842 3.02902
O 19.2933 14.4656 10.0318
H -19.7741 14.3832 9.68031
H 19.3189 14.5511 11.0278
O 7.09226 4.55589 9.6764
H 6.78007 4.41381 8.73707
H 8.08363 4.43238 9.72043
O 11.8535 -19.17 5.71353
H 11.8025 -18.6592 4.85533
H 12.5191 -19.9106 5.62162
O 2.81325 7.53213 8.47019
H 1.98531 7.13652 8.8677
H 2.8063 8.52318 8.60355
O 6.16933 5.18197 -9.46313
H 5.83807 5.99433 -8.9832
H 5.51487 4.92488 -10.1742
O -19.5987 2.89955 -1.15018
H -19.3386 1.94082 -1.03533
H -19.6134 3.12659 -2.12395
O 14.7809 4.35334 -18.9879
H 15.7221 4.05248 -19.1415
H 14.7188 4.81544 -18.1033
O 11.9619 16.0711 -4.68494
H 11.9099 15.5081 -5.50974
H 12.9138 16.1366 -4.38563