         0   450.14663     -5798.7849      1169.7348      13542.764     -5798.7849      1372.663      -4426.1219      906.72485      15308.413    
       100   299.45764     -5820.0544      1082.9949      13606.802     -5820.0544      913.15676     -4906.8976     -503.24353      15308.413    
       200   286.90953     -5780.2664      1051.0974      13679.356     -5780.2664      874.89292     -4905.3735     -695.66224      15308.413    
       300   286.98621     -5780.9234      1056.7906      13671.876     -5780.9234      875.12675     -4905.7967     -630.91691      15308.413    
       400   277.87865     -5751.5133      1032.9984      13726.609     -5751.5133      847.35446     -4904.1589     -978.8491       15308.413    
       500   287.6601      -5782.152       1039.742       13688.923     -5782.152       877.18169     -4904.9703     -956.92211      15308.413    
       600   293.48729     -5799.3064      1078.5458      13631.936     -5799.3064      894.95095     -4904.3555     -421.35401      15308.413    
       700   294.33078     -5802.6566      1088.1137      13619.047     -5802.6566      897.52306     -4905.1336     -246.37236      15308.413    
       800   292.70106     -5795.8148      1064.7772      13650.114     -5795.8148      892.55345     -4903.2614     -607.4882       15308.413    
       900   283.27457     -5769.3813      1057.8531      13683.111     -5769.3813      863.8086      -4905.5727     -641.70839      15308.413    
      1000   284.40625     -5772.1399      1109.5747      13628.271     -5772.1399      867.25951     -4904.8803      5.1198756      15308.413    
      1100   287.88618     -5784.1435      1078.1775      13647.543     -5784.1435      877.8711      -4906.2724     -412.13327      15308.413    
      1200   284.02967     -5772.0206      1079.1128      13660.581     -5772.0206      866.11118     -4905.9094     -375.45347      15308.413    
      1300   284.00121     -5772.1922      1035.0247      13701.467     -5772.1922      866.0244      -4906.1678     -1057.1713      15308.413    
      1400   285.15359     -5778.2635      1122.497       13611.036     -5778.2635      869.53842     -4908.7251      122.83406      15308.413    
      1500   283.82797     -5771.1625      1067.4552      13669.629     -5771.1625      865.49611     -4905.6664     -514.54007      15308.413    
      1600   280.69575     -5762.494       1167.9419      13580.232     -5762.494       855.94483     -4906.5491      716.89562      15308.413    
      1700   280.12535     -5761.8881      1187.7404      13562.02      -5761.8881      854.20548     -4907.6826      933.62914      15308.413    
      1800   292.10282     -5795.4369      1095.4389      13618.713     -5795.4369      890.7292      -4904.7077     -288.91908      15308.413    
      1900   280.08113     -5759.371       1042.9516      13707.456     -5759.371       854.07064     -4905.3003     -972.52927      15308.413    
      2000   282.98157     -5770.8398      1149.0733      13591.789     -5770.8398      862.91514     -4907.9247      436.2332       15308.413    
      2100   291.38521     -5795.3358      1098.3505      13617.576     -5795.3358      888.54093     -4906.7949     -362.56466      15308.413    
      2200   290.33137     -5791.7996      1124.0245      13595.776     -5791.7996      885.32739     -4906.4722      30.039556      15308.413    
      2300   282.85333     -5767.7787      1149.0004      13593.171     -5767.7787      862.52408     -4905.2546      459.66831      15308.413    
      2400   287.40261     -5780.763       1093.739       13635.352     -5780.763       876.39652     -4904.3664     -290.24987      15308.413    
      2500   290.80837     -5791.8404      1180.3102      13538.873     -5791.8404      886.78193     -4905.0585      769.36176      15308.413    
      2600   291.8208      -5794.3418      1153.4551      13561.699     -5794.3418      889.86921     -4904.4726      451.53456      15308.413    
      2700   283.2721      -5769.8217      1141.1008      13598.194     -5769.8217      863.80108     -4906.0207      461.54803      15308.413    
      2800   296.94525     -5811.806       1094.3844      13604.614     -5811.806       905.49555     -4906.3104     -458.01864      15308.413    
      2900   279.6601      -5757.9583      1159.468       13591.237     -5757.9583      852.78675     -4905.1716      795.06287      15308.413    
      3000   284.156       -5772.1512      1079.7114      13657.794     -5772.1512      866.49641     -4905.6548     -445.26415      15308.413    
      3100   290.63339     -5792.1013      1123.6912      13593.079     -5792.1013      886.24836     -4905.8529     -2.5217445      15308.413    
      3200   279.53725     -5758.5355      1131.8043      13620.139     -5758.5355      852.41213     -4906.1234      304.65533      15308.413    
      3300   283.72905     -5769.9259      1112.1725      13627.183     -5769.9259      865.19449     -4904.7315      28.21197       15308.413    
      3400   294.80941     -5803.1527      1084.0042      13623.338     -5803.1527      898.98258     -4904.1702     -661.31538      15308.413    
      3500   283.90128     -5772.2582      1054.2769      13684.357     -5772.2582      865.71966     -4906.5386     -943.10706      15308.413    
      3600   283.00515     -5768.2534      1115.3342      13626.154     -5768.2534      862.98704     -4905.2664     -208.67002      15308.413    
      3700   287.96818     -5783.7314      1123.2407      13601.854     -5783.7314      878.12116     -4905.6102      15.341587      15308.413    
      3800   291.63198     -5795.4253      1128.0084      13586.523     -5795.4253      889.29341     -4906.1318      277.83049      15308.413    
      3900   293.88934     -5801.4516      1067.0338      13641.362     -5801.4516      896.17695     -4905.2746     -765.01229      15308.413    
      4000   293.29431     -5802.2176      1121.1428      13588.753     -5802.2176      894.36247     -4907.8552      9.0562012      15308.413    
      4100   295.61653     -5807.523       1042.9383      13659.91      -5807.523       901.4438      -4906.0792     -987.05705      15308.413    
      4200   292.02035     -5793.7663      1167.9722      13549.365     -5793.7663      890.47769     -4903.2886      724.90172      15308.413    
      4300   286.53007     -5777.4001      1147.5534      13586.153     -5777.4001      873.73583     -4903.6643      633.8147       15308.413    
      4400   286.13836     -5778.3208      1183.9803      13547.297     -5778.3208      872.54137     -4905.7795      1087.389       15308.413    
      4500   289.22652     -5786.2646      1164.5214      13557.28      -5786.2646      881.95828     -4904.3063      716.41219      15308.413    
      4600   294.16681     -5803.2976      1124.8143      13583.021     -5803.2976      897.02306     -4906.2745      179.04378      15308.413    
      4700   283.51416     -5770.7957      1095.3372      13643.474     -5770.7957      864.53919     -4906.2565     -238.12172      15308.413    
      4800   282.17387     -5767.0918      1095.3098      13647.876     -5767.0918      860.45215     -4906.6396     -240.28839      15308.413    
      4900   290.12848     -5791.3424      1099.7808      13620.166     -5791.3424      884.7087      -4906.6337     -289.99058      15308.413    
      5000   292.41465     -5797.8286      1121.5372      13590.379     -5797.8286      891.68007     -4906.1485      71.038228      15308.413    
      5100   286.24365     -5777.3756      1132.7528      13599.303     -5777.3756      872.86241     -4904.5132      313.88893      15308.413    
      5200   294.92373     -5803.6482      1109.5675      13596.672     -5803.6482      899.33117     -4904.3171     -104.27965      15308.413    
      5300   292.25839     -5795.771       1129.6859      13583.858     -5795.771       891.20359     -4904.5674      228.56049      15308.413    
      5400   282.0216      -5766.8123      1088.0046      13654.444     -5766.8123      859.98784     -4906.8245     -200.45973      15308.413    
      5500   288.51087     -5787.6315      1100.8919      13621.453     -5787.6315      879.77602     -4907.8555     -150.49795      15308.413    
      5600   298.19857     -5815.6398      1132.5399      13560.687     -5815.6398      909.31738     -4906.3224      204.76646      15308.413    
      5700   292.76238     -5798.1278      1134.4267      13578.329     -5798.1278      892.74042     -4905.3874      237.10572      15308.413    
      5800   289.15164     -5785.9111      1144.5315      13579.481     -5785.9111      881.72994     -4904.1811      339.08785      15308.413    
      5900   291.21141     -5794.6994      1161.5276      13554.79      -5794.6994      888.01094     -4906.6884      642.97627      15308.413    
      6000   295.13827     -5806.1282      1168.1287      13535.401     -5806.1282      899.98541     -4906.1428      703.48695      15308.413    
      6100   295.81201     -5808.7431      1139.8344      13561.903     -5808.7431      902.03989     -4906.7032      265.58149      15308.413    
      6200   279.64179     -5760.0151      1144.1356      13606.828     -5760.0151      852.7309      -4907.2842      528.17903      15308.413    
      6300   287.97497     -5782.3846      1159.2945      13569.703     -5782.3846      878.14184     -4904.2428      748.54013      15308.413    
      6400   302.32097     -5827.9837      1042.0463      13640.39      -5827.9837      921.88809     -4906.0956     -1102.6464      15308.413    
      6500   288.46939     -5785.1643      1088.7214      13637.162     -5785.1643      879.64951     -4905.5147     -293.02174      15308.413    
      6600   299.26566     -5818.715       1113.9986      13577.174     -5818.715       912.57132     -4906.1437     -213.43159      15308.413    
      6700   296.64677     -5810.9532      1122.1516      13576.6       -5810.9532      904.58537     -4906.3678      62.019623      15308.413    
      6800   290.3491      -5789.7833      1107.2892      13613.73      -5789.7833      885.38145     -4904.4018     -193.14253      15308.413    
      6900   306.81735     -5840.056       1104.9028      13564.619     -5840.056       935.59921     -4904.4568     -534.17         15308.413    
      7000   289.23337     -5788.1047      1085.247       13636.969     -5788.1047      881.97919     -4906.1255     -433.9009       15308.413    
      7100   295.12917     -5804.2048      1156.65        13549.943     -5804.2048      899.95764     -4904.2472      519.09121      15308.413    
      7200   291.95396     -5795.7236      1210.1578      13503.954     -5795.7236      890.27526     -4905.4483      1186.6713      15308.413    
      7300   295.51786     -5808.0125      1138.881       13564.719     -5808.0125      901.1429      -4906.8696      134.51185      15308.413    
      7400   289.33157     -5788.9772      1110.5755      13610.7       -5788.9772      882.27862     -4906.6985     -65.725736      15308.413    
      7500   296.58517     -5811.5204      1168.6673      13529.799     -5811.5204      904.39753     -4907.1229      572.02609      15308.413    
      7600   299.7955      -5820.8692      1135.6746      13553.966     -5820.8692      914.18701     -4906.6822     -6.3638015      15308.413    
      7700   283.73709     -5768.8566      1078.5276      13661.811     -5768.8566      865.21901     -4903.6376     -407.59347      15308.413    
      7800   281.3192      -5762.6796      1058.8015      13688.446     -5762.6796      857.84597     -4904.8337     -624.78912      15308.413    
      7900   288.74627     -5784.8384      1119.0288      13604.383     -5784.8384      880.49383     -4904.3446      5.0390849      15308.413    
      8000   289.33785     -5787.2494      1099.4637      13622.25      -5787.2494      882.29777     -4904.9516     -137.89122      15308.413    
      8100   298.37268     -5815.1051      1145.0584      13548.87      -5815.1051      909.8483      -4905.2568      370.33061      15308.413    
      8200   285.63281     -5776.7556      1148.2838      13584.746     -5776.7556      870.99974     -4905.7558      587.58083      15308.413    
      8300   298.99864     -5816.2041      1078.9121      13615.068     -5816.2041      911.75709     -4904.447      -615.29574      15308.413    
      8400   287.53964     -5781.3325      1069.2397      13661.111     -5781.3325      876.81436     -4904.5182     -563.69984      15308.413    
      8500   288.80919     -5784.4579      1073.3325      13652.274     -5784.4579      880.68571     -4903.7722     -520.06611      15308.413    
      8600   283.33041     -5768.6587      1094.2837      13646.886     -5768.6587      863.97888     -4904.6799     -180.36633      15308.413    
      8700   297.87128     -5815.9102      1130.9066      13563.717     -5815.9102      908.31937     -4907.5908     -107.52704      15308.413    
      8800   304.9528      -5837.9132      1125.8261      13545.026     -5837.9132      929.91352     -4907.9997     -207.0701       15308.413    
      8900   287.93817     -5786.0404      1150.8612      13572.526     -5786.0404      878.02962     -4908.0108      546.21869      15308.413    
      9000   288.80616     -5786.682       1145.2708      13579.288     -5786.682       880.67646     -4906.0055      539.10783      15308.413    
      9100   296.39407     -5808.8495      1135.0772      13566.974     -5808.8495      903.81481     -4905.0347      277.72048      15308.413    
      9200   289.00534     -5786.7747      1145.2834      13578.045     -5786.7747      881.28384     -4905.4908      380.86807      15308.413    
      9300   284.23041     -5772.3412      1076.2915      13661.344     -5772.3412      866.7233      -4905.6179     -440.77176      15308.413    
      9400   288.12421     -5784.3006      1156.88        13568.817     -5784.3006      878.59694     -4905.7037      681.44281      15308.413    
      9500   293.72438     -5800.5821      1144.316       13566.195     -5800.5821      895.67394     -4904.9082      481.98014      15308.413    
      9600   293.50692     -5799.7231      1137.9702      13572.406     -5799.7231      895.01082     -4904.7123      125.83125      15308.413    
      9700   277.15256     -5750.1075      1146.0845      13614.148     -5750.1075      845.14033     -4904.9672      679.6138       15308.413    
      9800   294.59025     -5804.3727      1115.605       13590.438     -5804.3727      898.31429     -4906.0584     -124.66398      15308.413    
      9900   284.29021     -5772.6295      1134.3688      13604.437     -5772.6295      866.90565     -4905.7239      304.60792      15308.413    
     10000   285.17472     -5775.9706      1124.6501      13608.56      -5775.9706      869.60285     -4906.3677      136.64398      15308.413    