     10000   285.17472     -5775.9706      1124.6501      13608.56      -5775.9706      869.60285     -4906.3677      137.19039      15308.413    
     10100   301.22906     -5781.751       1088.0606      13641.173     -5781.751       918.55846     -4863.1925     -247.67989      15308.413    
     10200   309.15484     -5774.1397      1125.0745      13611.173     -5774.1397      942.7271      -4831.4126      393.92982      15308.413    
     10300   305.92813     -5765.0185      1070.0068      13675.41      -5765.0185      932.88765     -4832.1309     -431.88127      15308.413    
     10400   288.94125     -5727.8856      1107.6411      13674.814     -5727.8856      881.0884      -4846.7972      215.14608      15308.413    
     10500   299.32983     -5771.3771      1189.2836      13547.912     -5771.3771      912.767       -4858.6101      1097.3199      15308.413    
     10600   294.00423     -5769.1049      1152.1823      13588.434     -5769.1049      896.52729     -4872.5776      566.00462      15308.413    
     10700   296.70619     -5748.9647      1091.3872      13669.086     -5748.9647      904.76658     -4844.1981     -174.42535      15308.413    
     10800   302.63286     -5710.442       1099.9261      13700.593     -5710.442       922.83917     -4787.6028      310.73697      15308.413    
     10900   304.555       -5696.4529      1026.7053      13788.462     -5696.4529      928.70047     -4767.7524     -505.36232      15308.413    
     11000   304.71779     -5698.9704      1065.8757      13744.448     -5698.9704      929.19688     -4769.7735     -178.15924      15308.413    
     11100   298.20119     -5713.4048      1101.6204      13694.73      -5713.4048      909.32536     -4804.0795      153.12394      15308.413    
     11200   297.62683     -5765.0512      1083.9117      13661.874     -5765.0512      907.57393     -4857.4773     -218.28926      15308.413    
     11300   279.38189     -5720.4587      1104.7164      13684.251     -5720.4587      851.93838     -4868.5203      237.84943      15308.413    
     11400   297.5648      -5745.884       1076.3506      13689.245     -5745.884       907.38479     -4838.4992     -196.89941      15308.413    
     11500   295.35253     -5722.8724      1119.3934      13668.64      -5722.8724      900.63875     -4822.2337      590.09354      15308.413    
     11600   302.36362     -5726.5492      1036.5418      13748.645     -5726.5492      922.01814     -4804.5311     -572.35544      15308.413    
     11700   298.24811     -5699.7197      1091.7089      13719.537     -5699.7197      909.46843     -4790.2513      317.64801      15308.413    
     11800   294.74016     -5675.6952      1082.9654      13751.305     -5675.6952      898.7714      -4776.9238      208.59577      15308.413    
     11900   296.54006     -5661.0166      1083.8866      13766.644     -5661.0166      904.25996     -4756.7566      547.10809      15308.413    
     12000   309.12029     -5697.5389      1020.0556      13795.064     -5697.5389      942.62174     -4754.9171     -584.55298      15308.413    
     12100   299.55566     -5684.432       1000.4261      13826.118     -5684.432       913.45564     -4770.9764     -849.99347      15308.413    
     12200   297.29971     -5690.8427      1064.7776      13753.484     -5690.8427      906.57642     -4784.2663      17.026868      15308.413    
     12300   284.20199     -5709.7421      1089.0619      13712.027     -5709.7421      866.63665     -4843.1054      292.49767      15308.413    
     12400   303.45795     -5768.2777      1042.0818      13701.519     -5768.2777      925.35517     -4842.9225     -606.48545      15308.413    
     12500   298.66134     -5714.6825      1064.2554      13730.797     -5714.6825      910.72853     -4803.954      -82.191193      15308.413    
     12600   293.1441      -5663.2767      1075.1647      13771.802     -5663.2767      893.90442     -4769.3723      189.07552      15308.413    
     12700   303.46701     -5673.5316      1042.102       13794.966     -5673.5316      925.3828      -4748.1488     -156.70587      15308.413    
     12800   309.92669     -5706.7156      1079.2096      13724.099     -5706.7156      945.08075     -4761.6348      103.36697      15308.413    
     12900   302.90618     -5709.4324      1041.7341      13761.089     -5709.4324      923.67262     -4785.7598     -352.19565      15308.413    
     13000   294.28285     -5697.1068      1023.8633      13789.453     -5697.1068      897.3769      -4799.7299     -627.71801      15308.413    
     13100   295.89803     -5691.9889      1108.567       13707.714     -5691.9889      902.30218     -4789.6867      575.84348      15308.413    
     13200   305.23178     -5706.8692      1030.8991      13770.902     -5706.8692      930.76422     -4776.1049     -550.64031      15308.413    
     13300   303.97812     -5703.0052      1049.3589      13757.187     -5703.0052      926.94135     -4776.0639     -410.83034      15308.413    
     13400   292.00522     -5678.1293      1047.5451      13784.414     -5678.1293      890.43158     -4787.6977     -430.97563      15308.413    
     13500   301.93833     -5708.8217      1027.5188      13774.559     -5708.8217      920.72129     -4788.1004     -668.04357      15308.413    
     13600   298.43172     -5684.4098      1065.6923      13761.526     -5684.4098      910.02833     -4774.3814     -12.264252      15308.413    
     13700   312.43267     -5703.9751      1109.9959      13694.989     -5703.9751      952.7224      -4751.2527      501.46844      15308.413    
     13800   300.39754     -5685.908       1041.6313      13782.031     -5685.908       916.02285     -4769.8852     -351.06015      15308.413    
     13900   297.00033     -5716.5852      1056.7139      13733.603     -5716.5852      905.66351     -4810.9217     -335.57075      15308.413    
     14000   294.47936     -5743.8291      1085.6805      13680.391     -5743.8291      897.97614     -4845.853      -111.25785      15308.413    
     14100   295.06768     -5743.2766      1082.1148      13685.861     -5743.2766      899.77013     -4843.5065     -143.0765       15308.413    
     14200   305.41071     -5696.5487      1015.2875      13797.661     -5696.5487      931.30986     -4765.2388     -722.34624      15308.413    
     14300   304.7519      -5677.8947      1059.2113      13770.99      -5677.8947      929.3009      -4748.5938     -72.86483       15308.413    
     14400   306.82548     -5692.9225      1120.2118      13697.444     -5692.9225      935.624       -4757.2985      660.84799      15308.413    
     14500   298.25913     -5702.6263      1094.4116      13712.86      -5702.6263      909.50204     -4793.1243      216.85321      15308.413    
     14600   300.51279     -5694.4348      1054.7304      13759.814     -5694.4348      916.3743      -4778.0605     -61.860963      15308.413    
     14700   311.70372     -5678.2067      993.20621      13837.43      -5678.2067      950.49956     -4727.7071     -936.89196      15308.413    
     14800   318.83201     -5673.2543      1041.092       13797.5       -5673.2543      972.23634     -4701.0179     -238.41567      15308.413    
     14900   306.75258     -5664.5932      1023.6061      13822.703     -5664.5932      935.40171     -4729.1915     -410.64306      15308.413    
     15000   296.9832      -5701.225       1007.8147      13800.286     -5701.225       905.61128     -4795.6138     -893.66027      15308.413    
     15100   298.93253     -5702.7562      1087.59        13718.853     -5702.7562      911.55548     -4791.2007      22.289701      15308.413    
     15200   300.84105     -5672.7771      1116.1205      13723.829     -5672.7771      917.37529     -4755.4018      728.06083      15308.413    
     15300   303.89246     -5674.9922      1123.6032      13713.48      -5674.9922      926.68016     -4748.3121      939.03994      15308.413    
     15400   302.12455     -5709.8584      1071.3905      13728.708     -5709.8584      921.28915     -4788.5693     -151.61012      15308.413    
     15500   293.68124     -5726.6695      1085.3817      13698.493     -5726.6695      895.54236     -4831.1272     -66.443703      15308.413    
     15600   301.7558      -5730.9374      1060.2693      13718.239     -5730.9374      920.16468     -4810.7727     -219.3141       15308.413    
     15700   300.06109     -5703.2344      1064.9068      13742.79      -5703.2344      914.99688     -4788.2375     -137.0393       15308.413    
     15800   298.44436     -5675.4093      1065.1971      13768.712     -5675.4093      910.0669      -4765.3424      12.029965      15308.413    
     15900   298.21148     -5650.0839      1048.5708      13811.553     -5650.0839      909.35675     -4740.7272     -30.861341      15308.413    
     16000   318.15287     -5648.7261      1139.3241      13722.711     -5648.7261      970.16539     -4678.5607      1319.3345      15308.413    
     16100   301.70772     -5616.7105      1002.3936      13889.525     -5616.7105      920.01808     -4696.6924     -471.25886      15308.413    
     16200   297.27417     -5635.5658      1094.9699      13779.758     -5635.5658      906.49855     -4729.0672      634.55541      15308.413    
     16300   299.41942     -5669.9366      1103.4972      13737.997     -5669.9366      913.04021     -4756.8964      580.77509      15308.413    
     16400   298.09029     -5671.1163      1029.5281      13810.324     -5671.1163      908.9872      -4762.1291     -510.42618      15308.413    
     16500   301.6191      -5673.4535      1033.6555      13802.656     -5673.4535      919.74783     -4753.7057     -406.62126      15308.413    
     16600   304.88297     -5662.1257      1053.6306      13793.717     -5662.1257      929.70058     -4732.4251     -33.382482      15308.413    
     16700   312.89898     -5672.5863      1034.9721      13801.824     -5672.5863      954.14436     -4718.4419     -380.41663      15308.413    
     16800   296.72703     -5675.1294      1044.9002      13791.08      -5675.1294      904.8301      -4770.2993     -276.46813      15308.413    
     16900   299.86762     -5714.8288      1044.9776      13751.374     -5714.8288      914.40693     -4800.4219     -530.30308      15308.413    
     17000   291.86444     -5697.5485      1048.6427      13762.984     -5697.5485      890.00229     -4807.5462     -262.44467      15308.413    
     17100   298.08244     -5689.8537      1100.0046      13721.051     -5689.8537      908.96326     -4780.8904      442.72356      15308.413    
     17200   308.54534     -5669.5365      1048.0219      13793.265     -5669.5365      940.86851     -4728.668      -178.01006      15308.413    
     17300   308.17755     -5671.668       1083.148       13754.05      -5671.668       939.74697     -4731.921       295.57699      15308.413    
     17400   297.29156     -5660.8916      1016.1102      13832.707     -5660.8916      906.55158     -4754.34       -658.45305      15308.413    
     17500   308.7823      -5710.5583      1092.0585      13708.414     -5710.5583      941.59107     -4768.9672      256.6741       15308.413    
     17600   302.15719     -5730.2393      1014.7482      13767.251     -5730.2393      921.38866     -4808.8506     -903.3592       15308.413    
     17700   289.68821     -5741.169       1035.907       13733.935     -5741.169       883.36616     -4857.8028     -841.01692      15308.413    
     17800   296.44576     -5734.1788      1070.3955      13705.706     -5734.1788      903.97241     -4830.2064     -273.04282      15308.413    
     17900   306.40144     -5720.2976      1055.2765      13736.771     -5720.2976      934.33096     -4785.9667     -344.50299      15308.413    
     18000   312.21859     -5727.887       1135.2238      13647.984     -5727.887       952.06959     -4775.8174      675.26608      15308.413    
     18100   301.28853     -5723.1739      1105.4383      13680.436     -5723.1739      918.7398      -4804.4341      330.91903      15308.413    
     18200   286.06534     -5721.713       1061.7754      13724.664     -5721.713       872.31867     -4849.3943     -335.65597      15308.413    
     18300   305.41785     -5763.5713      1076.0144      13669.758     -5763.5713      931.33162     -4832.2397     -166.17376      15308.413    
     18400   301.89169     -5678.5551      1116.3668      13715.547     -5678.5551      920.57907     -4757.976       905.65279      15308.413    
     18500   309.06381     -5666.4562      1108.7041      13734.256     -5666.4562      942.44949     -4724.0067      824.91303      15308.413    
     18600   315.76432     -5715.1677      1038.9287      13755.667     -5715.1677      962.88182     -4752.2859     -453.34412      15308.413    
     18700   305.82854     -5730.9126      1087.8305      13691.966     -5730.9126      932.58398     -4798.3286     -180.43791      15308.413    
     18800   300.28855     -5730.2386      1075.6976      13703.432     -5730.2386      915.69049     -4814.5481     -269.70152      15308.413    
     18900   306.57108     -5742.6045      1050.2554      13718.087     -5742.6045      934.84826     -4807.7563     -632.6353       15308.413    
     19000   291.30342     -5676.4099      1099.3885      13733.482     -5676.4099      888.29152     -4788.1183      347.29534      15308.413    
     19100   318.73698     -5724.7755      1077.0722      13708.632     -5724.7755      971.94656     -4752.8289     -25.043545      15308.413    
     19200   305.48829     -5718.0215      1063.5226      13726.171     -5718.0215      931.54643     -4786.4751     -68.729824      15308.413    
     19300   302.65594     -5760.1207      1031.1799      13717.526     -5760.1207      922.90954     -4837.2111     -890.01057      15308.413    
     19400   298.413       -5761.6879      1047.095       13703.24      -5761.6879      909.97126     -4851.7167     -755.55873      15308.413    
     19500   297.92453     -5751.139       1089.9141      13666.792     -5751.139       908.48174     -4842.6573     -99.359086      15308.413    
     19600   309.2681      -5743.235       1120.4976      13645.833     -5743.235       943.07246     -4800.1625      371.99196      15308.413    
     19700   311.64859     -5721.8183      1081.5685      13708.062     -5721.8183      950.33144     -4771.4869     -40.27743       15308.413    
     19800   296.90896     -5708.0443      1062.844       13739.587     -5708.0443      905.38488     -4802.6594     -130.12568      15308.413    
     19900   289.74449     -5735.4696      1137.7534      13636.468     -5735.4696      883.53777     -4851.9319      794.93879      15308.413    
     20000   304.07949     -5776.9965      1187.7499      13542.351     -5776.9965      927.25049     -4849.746       1208.1497      15308.413    
     20100   301.25789     -5769.0669      1142.0834      13598.047     -5769.0669      918.64637     -4850.4205      569.85518      15308.413    
     20200   297.02682     -5735.3264      1104.1497      13670.676     -5735.3264      905.74428     -4829.5821      279.31792      15308.413    
     20300   298.81186     -5688.087       1154.1418      13668.449     -5688.087       911.18751     -4776.8995      1224.4301      15308.413    
     20400   310.89512     -5722.8897      1085.8614      13702.149     -5722.8897      948.03384     -4774.8558      177.73217      15308.413    
     20500   296.89637     -5719.5108      1124.3654      13665.766     -5719.5108      905.34649     -4814.1643      740.30268      15308.413    
     20600   290.62014     -5737.6447      1129.5431      13643.494     -5737.6447      886.20795     -4851.4368      675.91433      15308.413    
     20700   299.59269     -5757.2902      1094.6196      13658.152     -5757.2902      913.56856     -4843.7217      143.59223      15308.413    
     20800   293.12352     -5729.9973      1140.4191      13636.547     -5729.9973      893.84168     -4836.1556      870.5772       15308.413    
     20900   292.19867     -5710.5088      1082.2855      13716.58      -5710.5088      891.02148     -4819.4873      169.66493      15308.413    
     21000   311.62864     -5737.5976      1066.6971      13704.868     -5737.5976      950.27062     -4787.327      -190.52802      15308.413    
     21100   306.90955     -5682.1888      1060.7193      13767.126     -5682.1888      935.88036     -4746.3084      31.464294      15308.413    
     21200   315.3017      -5644.5992      1007.5023      13858.92      -5644.5992      961.47112     -4683.128      -492.37704      15308.413    
     21300   307.46937     -5658.1993      1081.2785      13769.816     -5658.1993      937.58746     -4720.6118      452.69414      15308.413    
     21400   302.95805     -5685.0729      1059.0966      13766.102     -5685.0729      923.8308      -4761.2421      53.037056      15308.413    
     21500   298.89047     -5686.8205      1109.6978      13713.635     -5686.8205      911.42723     -4775.3933      475.90798      15308.413    
     21600   296.2196      -5696.0472      1062.1325      13752.044     -5696.0472      903.28278     -4792.7644     -73.601574      15308.413    
     21700   291.38709     -5703.0783      1066.047       13741.005     -5703.0783      888.54667     -4814.5316     -111.16104      15308.413    
     21800   299.36255     -5741.6487      1092.7899      13675.559     -5741.6487      912.86679     -4828.782       60.033822      15308.413    
     21900   306.47109     -5758.7102      1123.2469      13627.671     -5758.7102      934.54334     -4824.1668      378.78583      15308.413    
     22000   296.40472     -5725.7745      1036.3672      13749.124     -5725.7745      903.84727     -4821.9272     -549.48685      15308.413    
     22100   302.71571     -5718.2596      1064.8581      13725.939     -5718.2596      923.0918      -4795.1678     -225.49439      15308.413    
     22200   305.47644     -5688.8413      1021.2474      13799.751     -5688.8413      931.51029     -4757.331      -496.24873      15308.413    
     22300   313.24383     -5734.7575      1100.2322      13675.977     -5734.7575      955.19594     -4779.5615      292.95309      15308.413    
     22400   297.7287      -5747.1431      1089.437       13674.159     -5747.1431      907.88457     -4839.2585     -13.90725       15308.413    
     22500   294.78729     -5747.195       1146.7524      13614.068     -5747.195       898.91512     -4848.2798      833.46581      15308.413    
     22600   294.92209     -5738.4787      1195.404       13575.798     -5738.4787      899.3262      -4839.1525      1513.7151      15308.413    
     22700   299.82379     -5745.8872      1140.1254      13626.184     -5745.8872      914.27328     -4831.6139      768.05067      15308.413    
     22800   293.69614     -5717.9128      1142.4596      13651.367     -5717.9128      895.58781     -4822.325       1050.9914      15308.413    
     22900   302.69119     -5709.0619      1129.7284      13673.012     -5709.0619      923.01705     -4786.0448      803.1872       15308.413    
     23000   306.09946     -5701.1996      1098.8102      13711.597     -5701.1996      933.41011     -4767.7894      376.95712      15308.413    
     23100   293.55974     -5686.6757      1063.7316      13760.037     -5686.6757      895.17188     -4791.5038      50.861159      15308.413    
     23200   290.93263     -5714.5746      1109.633       13684.038     -5714.5746      887.16084     -4827.4138      455.88981      15308.413    
     23300   292.52526     -5726.0523      1107.0045      13676.287     -5726.0523      892.01737     -4834.035       292.46824      15308.413    
     23400   303.52608     -5727.81        1128.1298      13652.757     -5727.81        925.56292     -4802.247       630.21347      15308.413    
     23500   301.58761     -5673.2673      1135.3081      13700.022     -5673.2673      919.65182     -4753.6155      1129.3536      15308.413    
     23600   316.37926     -5714.6552      1035.2411      13760.565     -5714.6552      964.75702     -4749.8982     -647.82652      15308.413    
     23700   312.94784     -5725.7442      1046.8578      13738.219     -5725.7442      954.29333     -4771.4509     -395.96225      15308.413    
     23800   291.21108     -5719.9648      1109.6389      13681.075     -5719.9648      888.00994     -4831.9549      382.08678      15308.413    
     23900   304.60589     -5781.4672      1137.7113      13592.695     -5781.4672      928.85565     -4852.6115      340.08117      15308.413    
     24000   298.32021     -5752.292       1144.658       13612.721     -5752.292       909.68832     -4842.6037      670.1628       15308.413    
     24100   300.16234     -5728.8213      1169.2546      13612.756     -5728.8213      915.30563     -4813.5156      1201.4359      15308.413    
     24200   311.21259     -5744.5103      1133.3731      13634.267     -5744.5103      949.00193     -4795.5083      619.74061      15308.413    
     24300   301.6434      -5764.3102      1084.4322      13660.089     -5764.3102      919.82194     -4844.4883     -417.66724      15308.413    
     24400   298.62863     -5798.0548      1119.1359      13592.132     -5798.0548      910.62879     -4887.426      -217.16586      15308.413    
     24500   298.13474     -5779.9256      1109.3895      13622.353     -5779.9256      909.12274     -4870.8029     -34.146401      15308.413    
     24600   300.19845     -5742.7276      1073.0927      13694.12      -5742.7276      915.41574     -4827.3119     -204.85223      15308.413    
     24700   301.35819     -5720.2127      1112.1645      13677.538     -5720.2127      918.95222     -4801.2604      517.81815      15308.413    
     24800   301.41136     -5702.002       1112.979       13696.042     -5702.002       919.11435     -4782.8876      581.54235      15308.413    
     24900   290.90264     -5652.1352      1122.1696      13736.649     -5652.1352      887.06941     -4765.0658      909.03448      15308.413    
     25000   301.8158      -5660.804       1050.2735      13799.887     -5660.804       920.34765     -4740.4563      31.371012      15308.413    
     25100   310.57284     -5676.8691      1003.6846      13828.12      -5676.8691      947.0511      -4729.818      -1000.5358      15308.413    
     25200   298.61904     -5660.9664      1041.1209      13807.803     -5660.9664      910.59955     -4750.3669     -283.37337      15308.413    
     25300   299.37927     -5695.1222      1100.5631      13715.688     -5695.1222      912.91777     -4782.2044      312.08059      15308.413    
     25400   290.37754     -5708.387       1107.7587      13695.544     -5708.387       885.46819     -4822.9188      250.85808      15308.413    
     25500   295.99336     -5761.2708      1064.1494      13683.24      -5761.2708      902.59289     -4858.6779     -645.39277      15308.413    
     25600   293.15886     -5742.1507      1063.5928      13704.363     -5742.1507      893.94946     -4848.2013     -485.45874      15308.413    
     25700   314.54346     -5785.7691      1155.2798      13569.993     -5785.7691      959.15896     -4826.6102      575.16599      15308.413    
     25800   306.03459     -5767.6309      1094.7869      13646.72      -5767.6309      933.21229     -4834.4186     -106.22513      15308.413    
     25900   290.16075     -5736.6343      1099.2119      13674.102     -5736.6343      884.8071      -4851.8272      110.90683      15308.413    
     26000   302.07856     -5736.3538      1080.2476      13693.686     -5736.3538      921.1489      -4815.2049      18.288476      15308.413    
     26100   325.30479     -5779.3067      1080.5818      13651.027     -5779.3067      991.97424     -4787.3325     -208.13796      15308.413    
     26200   299.91518     -5722.5459      1060.1613      13726.603     -5722.5459      914.55195     -4807.994      -331.3663       15308.413    
     26300   298.66661     -5724.0352      1110.8498      13676.853     -5724.0352      910.74461     -4813.2905      393.50997      15308.413    
     26400   282.92988     -5712.1259      1089.4385      13708.692     -5712.1259      862.75751     -4849.3684      80.644458      15308.413    
     26500   290.34225     -5777.6717      1111.295       13620.829     -5777.6717      885.36056     -4892.3111     -62.299191      15308.413    
     26600   293.3289      -5765.2368      1112.9566      13631.893     -5765.2368      894.46796     -4870.7688      50.189478      15308.413    
     26700   305.14473     -5754.5662      1140.577       13614         -5754.5662      930.49877     -4824.0674      569.21753      15308.413    
     26800   295.12033     -5717.9084      1118.2413      13673.832     -5717.9084      899.93068     -4817.9778      401.55217      15308.413    
     26900   289.92774     -5709.7038      1039.0471      13760.898     -5709.7038      884.09656     -4825.6072     -610.28704      15308.413    
     27000   300.89187     -5727.0487      1120.6933      13663.646     -5727.0487      917.53023     -4809.5185      568.69873      15308.413    
     27100   308.53908     -5710.6167      1065.7266      13734.407     -5710.6167      940.84942     -4769.7673     -81.98161       15308.413    
     27200   314.75316     -5701.2948      1060.9577      13748.488     -5701.2948      959.79842     -4741.4964      11.131698      15308.413    
     27300   307.51338     -5719.5601      1123.5489      13664.39      -5719.5601      937.72166     -4781.8384      678.18956      15308.413    
     27400   299.74096     -5744.6282      1097.0063      13667.649     -5744.6282      914.02071     -4830.6075      74.778245      15308.413    
     27500   296.33962     -5731.8154      1144.1229      13636.423     -5731.8154      903.64875     -4828.1666      813.71092      15308.413    
     27600   295.61231     -5702.2375      1055.1987      13752.212     -5702.2375      901.43092     -4800.8066     -218.12968      15308.413    
     27700   300.04495     -5670.832       1140.0845      13697.691     -5670.832       914.94767     -4755.8843      1289.7983      15308.413    
     27800   307.35729     -5700.9966      1148.501       13661.787     -5700.9966      937.24571     -4763.7509      1152.6987      15308.413    
     27900   293.67581     -5695.5567      1061.1112      13752.759     -5695.5567      895.52583     -4800.0309      11.07724       15308.413    
     28000   304.83937     -5724.0082      1086.4496      13699.445     -5724.0082      929.56764     -4794.4406      212.47727      15308.413    
     28100   298.30017     -5670.1582      1022.6725      13817.449     -5670.1582      909.62719     -4760.531      -245.00713      15308.413    
     28200   296.99588     -5635.7537      1120.2185      13753.97      -5635.7537      905.64994     -4730.1038      1205.8643      15308.413    
     28300   303.63354     -5649.248       1139.2004      13722.274     -5649.248       925.89062     -4723.3574      1352.8596      15308.413    
     28400   300.47816     -5634.4859      1114.4551      13760.206     -5634.4859      916.26869     -4718.2172      940.41089      15308.413    
     28500   300.633       -5623.3217      1060.8984      13827.51      -5623.3217      916.74085     -4706.5809      334.88093      15308.413    
     28600   309.11516     -5644.3415      1090.313       13772.62      -5644.3415      942.60608     -4701.7354      626.30132      15308.413    
     28700   309.7259      -5655.6313      1025.254       13828.756     -5655.6313      944.46847     -4711.1628     -193.32206      15308.413    
     28800   290.07918     -5633.498       1043.7126      13833.829     -5633.498       884.55836     -4748.9397     -62.008963      15308.413    
     28900   297.92999     -5669.999       1031.2333      13808.555     -5669.999       908.49838     -4761.5006     -404.91153      15308.413    
     29000   296.78612     -5689.9336      1058.1583      13762.203     -5689.9336      905.01031     -4784.9233     -161.24074      15308.413    
     29100   284.69449     -5694.5861      1066.207       13749.743     -5694.5861      868.13848     -4826.4476     -124.26305      15308.413    
     29200   288.99225     -5704.0013      1094.4058      13712.534     -5704.0013      881.24391     -4822.7574      219.24407      15308.413    
     29300   312.72701     -5724.0884      1074.8107      13712.066     -5724.0884      953.61994     -4770.4684     -69.875839      15308.413    
     29400   305.76508     -5684.1881      1024.1335      13802.236     -5684.1881      932.39045     -4751.7977     -585.64221      15308.413    
     29500   309.51588     -5727.3509      1046.3693      13737.338     -5727.3509      943.82804     -4783.5229     -457.94988      15308.413    
     29600   292.26179     -5740.9048      1048.3563      13722.196     -5740.9048      891.21395     -4849.6908     -597.27326      15308.413    
     29700   293.87594     -5740.3642      1065.885       13705.67      -5740.3642      896.1361      -4844.2281     -294.76207      15308.413    
     29800   297.9263      -5733.5052      1119.3186      13657.938     -5733.5052      908.48713     -4825.0181      541.53445      15308.413    
     29900   300.41237     -5715.2944      1104.0987      13691.308     -5715.2944      916.06807     -4799.2263      394.11384      15308.413    
     30000   308.2467      -5712.4208      1087.6693      13709.062     -5712.4208      939.95784     -4772.4629      152.36857      15308.413    
     30100   311.48651     -5718.0746      1078.4208      13714.256     -5718.0746      949.83719     -4768.2374      139.4433       15308.413    
     30200   297.88851     -5728.8532      1074.72        13706.943     -5728.8532      908.3719      -4820.4813     -186.28417      15308.413    
     30300   292.45065     -5729.6785      1078.3593      13701.937     -5729.6785      891.78986     -4837.8886     -83.430969      15308.413    
     30400   292.85456     -5707.1129      1126.4705      13675.917     -5707.1129      893.02152     -4814.0914      666.49523      15308.413    
     30500   314.03394     -5729.2787      1087.3015      13694.249     -5729.2787      957.60527     -4771.6734      63.347053      15308.413    
     30600   305.74887     -5705.9791      1087.6396      13717.411     -5705.9791      932.34102     -4773.6381      129.8507       15308.413    
     30700   308.35452     -5723.6957      1078.489       13709.444     -5723.6957      940.2866      -4783.4091      14.456358      15308.413    
     30800   293.02306     -5706.1082      1091.6174      13712.761     -5706.1082      893.53534     -4812.5728      233.15007      15308.413    
     30900   296.33829     -5716.1117      1104.503       13690.203     -5716.1117      903.64471     -4812.467       433.36122      15308.413    
     31000   298.38308     -5708.0312      1041.0304      13761.624     -5708.0312      909.88002     -4798.1512     -502.24493      15308.413    
     31100   306.15042     -5707.6206      1052.0739      13749.877     -5707.6206      933.56551     -4774.0551     -374.64691      15308.413    
     31200   304.62004     -5691.5623      1065.377       13755.396     -5691.5623      928.8988      -4762.6635     -15.513256      15308.413    
     31300   292.27823     -5647.4237      1083.3701      13780.051     -5647.4237      891.26407     -4756.1596      455.58981      15308.413    
     31400   298.86826     -5651.7133      1059.3209      13796.545     -5651.7133      911.35953     -4740.3538      89.175972      15308.413    
     31500   301.34652     -5664.5191      1040.397       13802.506     -5664.5191      918.91663     -4745.6025     -270.91687      15308.413    
     31600   305.83761     -5697.3635      1083.8787      13728.293     -5697.3635      932.61163     -4764.7518      102.94735      15308.413    
     31700   294.61753     -5688.4312      1048.6838      13772.963     -5688.4312      898.39748     -4790.0337     -185.00979      15308.413    
     31800   294.19796     -5696.0221      1050.6843      13763.033     -5696.0221      897.11804     -4798.904      -240.15191      15308.413    
     31900   305.58398     -5699.4311      1044.8897      13767.474     -5699.4311      931.83821     -4767.5929     -419.28589      15308.413    
     32000   303.07428     -5673.5927      1079.7782      13755.086     -5673.5927      924.18522     -4749.4074      206.59732      15308.413    
     32100   309.3336      -5694.3741      1021.335       13794.179     -5694.3741      943.27219     -4751.1019     -668.12693      15308.413    
     32200   285.97553     -5664.6341      1002.6322      13843.117     -5664.6341      872.04484     -4792.5892     -739.86049      15308.413    
     32300   297.23183     -5712.2738      1053.339       13744.774     -5712.2738      906.36943     -4805.9044     -287.4482       15308.413    
     32400   293.74471     -5692.9327      1072.0877      13744.76      -5692.9327      895.73593     -4797.1968      176.96901      15308.413    
     32500   314.77735     -5701.3367      1103.9866      13705.502     -5701.3367      959.87219     -4741.4645      658.52249      15308.413    
     32600   305.43473     -5660.694       1060.1485      13789.545     -5660.694       931.38309     -4729.3109      169.94816      15308.413    
     32700   296.87237     -5663.2487      1060.1622      13786.582     -5663.2487      905.27332     -4757.9754     -28.653488      15308.413    
     32800   307.55854     -5748.3722      1057.3728      13703.648     -5748.3722      937.85939     -4810.5128     -587.72672      15308.413    
     32900   291.53837     -5712.079       1087.1232      13710.855     -5712.079       889.00797     -4823.071       154.29476      15308.413    
     33000   302.19942     -5732.4933      1066.9135      13708.021     -5732.4933      921.51745     -4810.9759     -289.5728       15308.413    
     33100   308.76685     -5750.9798      1122.4571      13635.526     -5750.9798      941.54398     -4809.4358      465.90068      15308.413    
     33200   291.35315     -5719.6506      1033.9761      13755.622     -5719.6506      888.44316     -4831.2075     -825.36248      15308.413    
     33300   294.83939     -5740.5984      1090.346       13680.464     -5740.5984      899.07399     -4841.5244     -74.463364      15308.413    
     33400   305.09092     -5722.8647      1153.002       13631.808     -5722.8647      930.33471     -4792.53        976.43503      15308.413    
     33500   307.99044     -5728.9229      1092.7169      13689.021     -5728.9229      939.17641     -4789.7465      191.69909      15308.413    
     33600   304.54625     -5759.1023      1096.4472      13655.048     -5759.1023      928.67378     -4830.4286     -89.188281      15308.413    
     33700   280.33114     -5716.8687      1070.6737      13723.378     -5716.8687      854.83299     -4862.0357     -287.83705      15308.413    
     33800   297.68415     -5745.7576      1112.9128      13652.28      -5745.7576      907.74873     -4838.0089      262.39068      15308.413    
     33900   300.39232     -5741.6141      1127.4992      13641.45      -5741.6141      916.00693     -4825.6072      466.50749      15308.413    
     34000   306.80477     -5742.873       1082.8172      13683.509     -5742.873       935.56086     -4807.3121     -151.44954      15308.413    
     34100   302.47133     -5689.0532      1103.2055      13718.361     -5689.0532      922.34659     -4766.7066      617.52657      15308.413    
     34200   308.80832     -5681.7204      1044.7509      13781.267     -5681.7204      941.67043     -4740.05       -187.90921      15308.413    
     34300   295.41563     -5707.8086      1073.4276      13728.071     -5707.8086      900.83118     -4806.9774     -20.490101      15308.413    
     34400   296.88771     -5721.4834      1121.4494      13667.654     -5721.4834      905.32008     -4816.1633      644.9073       15308.413    
     34500   310.79067     -5752.9071      1165.6556      13590.27      -5752.9071      947.71533     -4805.1918      999.70964      15308.413    
     34600   301.26774     -5704.7751      1103.3833      13701.716     -5704.7751      918.67642     -4786.0986      714.5777       15308.413    
     34700   299.89704     -5680.3994      1056.0276      13775.365     -5680.3994      914.49663     -4765.9028     -127.24324      15308.413    
     34800   312.75335     -5695.4329      1075.1275      13740.229     -5695.4329      953.70026     -4741.7326      168.79486      15308.413    
     34900   300.12508     -5696.6494      1068.3101      13744.035     -5696.6494      915.19202     -4781.4574      85.520806      15308.413    
     35000   309.36529     -5775.1565      1084.7348      13648.912     -5775.1565      943.36883     -4831.7877     -147.5305       15308.413    
     35100   301.52646     -5774.7212      1086.4775      13649.085     -5774.7212      919.46534     -4855.2558     -278.95909      15308.413    
     35200   299.50019     -5767.1355      1129.8211      13611.282     -5767.1355      913.28651     -4853.849       513.44254      15308.413    
     35300   287.6462      -5753.3514      1076.2369      13679.785     -5753.3514      877.13932     -4876.2121     -142.86759      15308.413    
     35400   300.55523     -5793.2809      1102.5194      13614.655     -5793.2809      916.50371     -4876.7772     -108.14347      15308.413    
     35500   305.15649     -5774.9394      1098.3058      13635.841     -5774.9394      930.53463     -4844.4048     -208.47044      15308.413    
     35600   306.67503     -5740.5859      1043.8431      13725.882     -5740.5859      935.16524     -4805.4206     -635.59077      15308.413    
     35700   313.82485     -5734.497       1136.2015      13641.869     -5734.497       956.96767     -4777.5293      723.72414      15308.413    
     35800   289.95425     -5685.3364      1136.2211      13690.97      -5685.3364      884.17742     -4801.159       985.55624      15308.413    
     35900   304.50128     -5802.2613      1082.3887      13627.951     -5802.2613      928.53668     -4873.7247     -425.26478      15308.413    
     36000   288.19735     -5762.6747      1191.5009      13555.985     -5762.6747      878.81996     -4883.8548      1153.6229      15308.413    
     36100   300.29666     -5770.7367      1105.3686      13633.357     -5770.7367      915.71522     -4855.0215      26.643684      15308.413    
     36200   292.78931     -5710.6886      1107.003       13692.069     -5710.6886      892.82256     -4817.8661      474.55696      15308.413    
     36300   302.09347     -5716.3565      1144.1617      13648.453     -5716.3565      921.19438     -4795.1621      1009.2064      15308.413    
     36400   320.03789     -5781.1978      1126.0626      13603.101     -5781.1978      975.91351     -4805.2843      420.62328      15308.413    
     36500   294.63831     -5727.762       1115.4291      13666.961     -5727.762       898.46084     -4829.3012      358.56844      15308.413    
     36600   306.26104     -5774.8241      1133.1687      13603.388     -5774.8241      933.90282     -4840.9213      485.27948      15308.413    
     36700   303.0137      -5804.6707      1135.4191      13571.311     -5804.6707      924.00048     -4880.6702      377.68358      15308.413    
     36800   292.91149     -5781.7573      1105.0813      13623.985     -5781.7573      893.19511     -4888.5622      11.835666      15308.413    
     36900   298.78523     -5769.3859      1145.1182      13596.38      -5769.3859      911.10631     -4858.2796      557.79997      15308.413    
     37000   303.67767     -5736.5216      1126.1456      13648.199     -5736.5216      926.02518     -4810.4964      387.56121      15308.413    
     37100   304.26853     -5736.7792      1105.6249      13667.312     -5736.7792      927.82693     -4808.9523      66.548963      15308.413    
     37200   299.65999     -5733.0248      1142.667       13635.773     -5733.0248      913.77379     -4819.251       668.05085      15308.413    
     37300   290.4778      -5706.2054      1076.5321      13727.642     -5706.2054      885.77389     -4820.4315      44.463285      15308.413    
     37400   298.73571     -5684.521       1054.7457      13772.375     -5684.521       910.95532     -4773.5657     -122.34768      15308.413    
     37500   315.08982     -5703.7926      1149.5803      13656.975     -5703.7926      960.82502     -4742.9676      908.14143      15308.413    
     37600   297.38493     -5659.2781      1021.6915      13828.105     -5659.2781      906.83629     -4752.4419     -470.1232       15308.413    
     37700   308.03893     -5703.2469      1045.5422      13762.317     -5703.2469      939.32425     -4763.9227     -499.71111      15308.413    
     37800   304.55527     -5727.7096      1058.1204      13724.847     -5727.7096      928.70129     -4799.0083     -543.07684      15308.413    
     37900   290.77247     -5746.4812      1065.4885      13698.375     -5746.4812      886.67247     -4859.8087     -543.37963      15308.413    
     38000   289.19307     -5748.5824      1088.4035      13673.31      -5748.5824      881.85629     -4866.7261     -40.894017      15308.413    
     38100   294.07503     -5739.6485      1108.0541      13663.208     -5739.6485      896.74319     -4842.9053      54.491298      15308.413    
     38200   296.40856     -5707.2666      1101.4079      13702.042     -5707.2666      903.85898     -4803.4076      218.71043      15308.413    
     38300   302.16049     -5718.7662      1164.0316      13626.868     -5718.7662      921.39874     -4797.3674      1131.2906      15308.413    
     38400   295.37414     -5737.8576      1102.0824      13670.329     -5737.8576      900.70465     -4837.1529      156.52548      15308.413    
     38500   292.13361     -5787.4308      1126.2185      13596.946     -5787.4308      890.82308     -4896.6077      174.96742      15308.413    
     38600   310.6778      -5826.7545      1106.5483      13578.093     -5826.7545      947.37114     -4879.3833     -351.51156      15308.413    
     38700   294.69261     -5741.4537      1150.8637      13613.633     -5741.4537      898.62642     -4842.8273      823.08906      15308.413    
     38800   311.14703     -5761.2166      1078.385       13670.136     -5761.2166      948.80201     -4812.4146     -278.69878      15308.413    
     38900   306.25163     -5745.9361      1169.4166      13594.942     -5745.9361      933.87413     -4812.0619      1146.3295      15308.413    
     39000   297.80358     -5744.6732      1137.3345      13628.945     -5744.6732      908.11291     -4836.5603      697.56036      15308.413    
     39100   297.88423     -5748.4425      1077.5479      13682.811     -5748.4425      908.35885     -4840.0837     -216.1857       15308.413    
     39200   291.61117     -5717.4835      1136.3061      13657.256     -5717.4835      889.22997     -4828.2535      665.5114       15308.413    
     39300   301.98692     -5696.795       1044.4975      13767.579     -5696.795       920.86944     -4775.9255     -368.85482      15308.413    
     39400   315.23586     -5720.7055      1021.1164      13767.945     -5720.7055      961.27037     -4759.4351     -661.15713      15308.413    
     39500   302.09978     -5706.635       1130.2373      13674.18      -5706.635       921.21362     -4785.4214      734.56436      15308.413    
     39600   296.05339     -5725.7517      1101.3544      13683.274     -5725.7517      902.77593     -4822.9758      280.54419      15308.413    
     39700   292.73745     -5740.3639      1105.3289      13664.915     -5740.3639      892.6644      -4847.6995      108.5351       15308.413    
     39800   299.8071      -5750.7752      1100.4093      13659.173     -5750.7752      914.22238     -4836.5528      66.636935      15308.413    
     39900   304.56866     -5753.8207      1166.1854      13591.168     -5753.8207      928.74212     -4825.0786      1016.1827      15308.413    
     40000   288.77663     -5724.311       1056.3737      13729.701     -5724.311       880.58641     -4843.7246     -470.5105       15308.413    
     40100   292.66099     -5779.9251      1074.2454      13657.326     -5779.9251      892.43126     -4887.4938     -379.64487      15308.413    
     40200   294.48881     -5763.3819      1050.0647      13696.723     -5763.3819      898.00496     -4865.377      -671.35463      15308.413    
     40300   301.32966     -5746.4448      1145.6195      13617.634     -5746.4448      918.86523     -4827.5796      565.6126       15308.413    
     40400   307.2474      -5769.7311      1073.376       13664.669     -5769.7311      936.91058     -4832.8205     -443.65596      15308.413    
     40500   294.49464     -5774.0665      1075.0967      13661.443     -5774.0665      898.02273     -4876.0438     -487.60494      15308.413    
     40600   286.50817     -5742.3653      1014.45        13754.173     -5742.3653      873.66904     -4868.6963     -1160.6696      15308.413    
     40700   285.83516     -5713.7686      1089.1594      13707.558     -5713.7686      871.61679     -4842.1518      101.99545      15308.413    
     40800   297.265       -5727.2766      1112.1834      13673.456     -5727.2766      906.47057     -4820.806       375.0865       15308.413    
     40900   308.02511     -5748.4196      1140.7728      13622.515     -5748.4196      939.28214     -4809.1375      859.5039       15308.413    
     41000   297.89475     -5757.7925      1069.8257      13681.579     -5757.7925      908.39091     -4849.4016     -360.58288      15308.413    
     41100   298.30907     -5798.5419      1200.1671      13514.356     -5798.5419      909.65435     -4888.8875      1327.2382      15308.413    
     41200   283.38965     -5749.6803      1193.6255      13567.102     -5749.6803      864.15953     -4885.5208      1412.8468      15308.413    
     41300   301.49758     -5770.7637      1084.8987      13655.055     -5770.7637      919.37729     -4851.3864     -319.60285      15308.413    
     41400   309.61908     -5776.3629      1097.5873      13634.37      -5776.3629      944.14273     -4832.2202     -3.9503392      15308.413    
     41500   303.40229     -5760.8405      1079.7303      13670.987     -5760.8405      925.18543     -4835.6551     -285.06412      15308.413    
     41600   296.22927     -5748.7578      1104.5877      13658.608     -5748.7578      903.31225     -4845.4455      184.27941      15308.413    
     41700   297.01191     -5759.119       1076.4517      13673.972     -5759.119       905.69881     -4853.4202     -349.90941      15308.413    
     41800   302.71339     -5746.0106      1089.6836      13676.032     -5746.0106      923.08473     -4822.9258     -96.526597      15308.413    
     41900   306.11122     -5723.0531      1073.9283      13713.073     -5723.0531      933.44596     -4789.6072     -46.85911       15308.413    
     42000   313.54419     -5732.7295      1113.7095      13664.647     -5732.7295      956.11182     -4776.6176      552.46582      15308.413    
     42100   294.09129     -5708.7573      1101.3735      13701.121     -5708.7573      896.79278     -4811.9646      357.59959      15308.413    
     42200   287.2793      -5720.318       1069.5937      13722.054     -5720.318       876.0205      -4844.2975     -177.29807      15308.413    
     42300   289.08602     -5685.0725      1083.1349      13741.193     -5685.0725      881.52986     -4803.5427      219.45216      15308.413    
     42400   303.62864     -5697.932       1073.4644      13738.99      -5697.932       925.87567     -4772.0564      55.471931      15308.413    
     42500   299.92224     -5670.8281      1085.7711      13753.709     -5670.8281      914.57348     -4756.2546      425.95766      15308.413    
     42600   315.15299     -5705.3313      1017.9185      13786.677     -5705.3313      961.01766     -4744.3136     -793.84325      15308.413    
     42700   298.94807     -5691.9713      1074.3535      13746.029     -5691.9713      911.60288     -4780.3684      55.24499       15308.413    
     42800   292.00116     -5714.1218      1048.5555      13747.389     -5714.1218      890.4192      -4823.7026     -495.38868      15308.413    
     42900   295.96345     -5741.3778      1139.7453      13630.444     -5741.3778      902.50169     -4838.8762      548.61247      15308.413    
     43000   289.15529     -5707.0652      1100.4696      13704.186     -5707.0652      881.74109     -4825.3241      283.05597      15308.413    
     43100   300.49683     -5724.8551      1073.8566      13712.098     -5724.8551      916.32563     -4808.5294     -210.24353      15308.413    
     43200   299.29227     -5705.0118      1088.4877      13716.323     -5705.0118      912.65247     -4792.3594      198.70199      15308.413    
     43300   294.82424     -5673.5451      1057.1855      13781.685     -5673.5451      899.0278      -4774.5173     -167.67561      15308.413    
     43400   309.28207     -5652.6602      1099.8837      13758.508     -5652.6602      943.11505     -4709.5452      702.3194       15308.413    
     43500   303.16051     -5625.427       1020.8901      13861.563     -5625.427       924.44817     -4700.9788     -208.42821      15308.413    
     43600   305.82709     -5667.0052      1126.8363      13717.606     -5667.0052      932.57955     -4734.4256      887.93975      15308.413    
     43700   305.90485     -5692.2215      1119.0223      13697.712     -5692.2215      932.81667     -4759.4048      559.33127      15308.413    
     43800   298.12105     -5695.0928      1067.9229      13746.323     -5695.0928      909.08099     -4786.0118     -73.200323      15308.413    
     43900   293.13228     -5697.5135      1039.331       13772.824     -5697.5135      893.86839     -4803.6451     -546.57232      15308.413    
     44000   295.89143     -5668.6516      1086.3716      13755.039     -5668.6516      902.28207     -4766.3696      309.64002      15308.413    
     44100   310.09995     -5665.2959      1074.7324      13770.071     -5665.2959      945.60907     -4719.6868      261.55836      15308.413    
     44200   297.57456     -5640.556       1066.2         13803.085     -5640.556       907.41454     -4733.1415      257.79495      15308.413    
     44300   301.93764     -5700.8589      1124.5358      13682.534     -5700.8589      920.71917     -4780.1397      650.84929      15308.413    
     44400   301.98538     -5722.7073      1147.3679      13640.857     -5722.7073      920.86475     -4801.8426      979.02713      15308.413    
     44500   302.18203     -5731.4362      1074.3535      13705.898     -5731.4362      921.46441     -4809.9718     -138.30447      15308.413    
     44600   290.3933      -5710.2938      1043.4176      13758.293     -5710.2938      885.51623     -4824.7776     -339.77487      15308.413    
     44700   303.8008      -5747.5953      1096.0415      13665.977     -5747.5953      926.40064     -4821.1947      107.31503      15308.413    
     44800   294.55117     -5705.845       1123.3605      13679.16      -5705.845       898.19511     -4807.6499      702.76629      15308.413    
     44900   300.66791     -5685.3833      1066.3006      13759.888     -5685.3833      916.84732     -4768.536       116.67486      15308.413    
     45000   295.85498     -5623.3084      1086.4442      13799.933     -5623.3084      902.17092     -4721.1375      676.8002       15308.413    
     45100   311.4837      -5661.8572      1094.5211      13752.676     -5661.8572      949.82863     -4712.0286      507.78398      15308.413    
     45200   299.27192     -5658.3067      1072.3568      13780         -5658.3067      912.59042     -4745.7163      219.87951      15308.413    
     45300   307.41871     -5722.6426      1077.0478      13710.473     -5722.6426      937.43299     -4785.2096     -50.911408      15308.413    
     45400   294.1734      -5687.6905      1076.3581      13745.699     -5687.6905      897.04314     -4790.6474      153.81196      15308.413    
     45500   308.34673     -5711.2976      1095.5503      13704.334     -5711.2976      940.26285     -4771.0347      471.62038      15308.413    
     45600   314.56685     -5707.9262      1034.4652      13767.701     -5707.9262      959.23031     -4748.6959     -500.60646      15308.413    
     45700   304.18252     -5709.1474      1081.6091      13720.824     -5709.1474      927.56464     -4781.5828     -3.4956574      15308.413    
     45800   282.62316     -5698.7721      1069.315       13743.209     -5698.7721      861.82222     -4836.9499     -124.30912      15308.413    
     45900   297.46579     -5721.6829      1091.3134      13696.87      -5721.6829      907.08287     -4814.6         148.50984      15308.413    
     46000   303.03544     -5705.9159      1101.605       13702.971     -5705.9159      924.06678     -4781.8491      484.65996      15308.413    
     46100   297.90907     -5675.2905      1096.7389      13738.364     -5675.2905      908.43458     -4766.8559      373.77897      15308.413    
     46200   286.45507     -5628.0312      1061.7378      13820.571     -5628.0312      873.50711     -4754.524       127.57139      15308.413    
     46300   312.49393     -5657.9663      1092.9451      13759.628     -5657.9663      952.9092      -4705.0571      628.0751       15308.413    
     46400   307.31753     -5666.3438      1070.3757      13771.007     -5666.3438      937.12444     -4729.2193      256.67035      15308.413    
     46500   291.75272     -5664.3206      1030.8138      13815.119     -5664.3206      889.6616      -4774.659      -486.3247       15308.413    
     46600   304.08367     -5696.5979      1042.0126      13771.444     -5696.5979      927.26322     -4769.3347     -382.3148       15308.413    
     46700   310.93119     -5713.9848      1097.8628      13699.046     -5713.9848      948.14385     -4765.8409      334.44756      15308.413    
     46800   298.17698     -5728.7492      1101.5372      13680.595     -5728.7492      909.25153     -4819.4977      285.262        15308.413    
     46900   284.92361     -5716.3254      1120.2858      13675.025     -5716.3254      868.83713     -4847.4883      694.98532      15308.413    
     47000   312.07794     -5779.3026      1178.9961      13550.06      -5779.3026      951.64069     -4827.6619      1114.8592      15308.413    
     47100   295.30264     -5704.8677      1078.7772      13727.756     -5704.8677      900.48664     -4804.381       180.61818      15308.413    
     47200   296.76838     -5666.2283      1071.0564      13774.072     -5666.2283      904.9562      -4761.2721      346.25014      15308.413    
     47300   308.65752     -5681.7273      1112.1306      13717.797     -5681.7273      941.21056     -4740.5167      679.18635      15308.413    
     47400   304.12884     -5684.2442      1113.1494      13714.027     -5684.2442      927.40096     -4756.8432      673.7409       15308.413    
     47500   300.44788     -5690.0588      1056.7321      13764.123     -5690.0588      916.17635     -4773.8824     -56.19113       15308.413    
     47600   298.58843     -5697.0737      1044.0279      13766.953     -5697.0737      910.50621     -4786.5675     -363.03713      15308.413    
     47700   294.81537     -5671.891       1066.5885      13772.439     -5671.891       899.00077     -4772.8903      113.35627      15308.413    
     47800   319.91238     -5709.2187      1063.8234      13736.881     -5709.2187      975.53078     -4733.6879     -67.917923      15308.413    
     47900   302.77271     -5653.858       1060.4392      13797.129     -5653.858       923.26563     -4730.5924      181.47946      15308.413    
     48000   290.16468     -5679.5735      1097.6856      13733.551     -5679.5735      884.81908     -4794.7545      480.73623      15308.413    
     48100   293.70913     -5703.8329      1047.9797      13759.469     -5703.8329      895.62743     -4808.2055     -412.87535      15308.413    
     48200   308.01959     -5729.2907      1074.6038      13705.549     -5729.2907      939.26529     -4790.0254      1.6330469      15308.413    
     48300   302.53779     -5689.4767      1114.2322      13706.454     -5689.4767      922.54927     -4766.9274      868.2805       15308.413    
     48400   311.36375     -5668.0277      1067.8684      13775.96      -5668.0277      949.46288     -4718.5648      315.72748      15308.413    
     48500   321.42444     -5704.0774      1049.9842      13758.199     -5704.0774      980.14162     -4723.9357     -264.62842      15308.413    
     48600   293.70246     -5688.2117      1059.7636      13763.701     -5688.2117      895.6071      -4792.6046     -25.886795      15308.413    
     48700   288.59563     -5685.5617      1009.9803      13814.89      -5685.5617      880.03448     -4805.5272     -790.11932      15308.413    
     48800   295.63594     -5693.6472      1057.0274      13759.368     -5693.6472      901.50299     -4792.1442     -238.46318      15308.413    
     48900   305.4574      -5694.5673      1081.1113      13734.669     -5694.5673      931.45223     -4763.115       120.07906      15308.413    
     49000   295.83787     -5626.6371      1075.9101      13808.053     -5626.6371      902.11873     -4724.5184      466.13864      15308.413    
     49100   317.67381     -5647.5218      1051.7815      13809.495     -5647.5218      968.70458     -4678.8172      22.931902      15308.413    
     49200   312.5533      -5659.902       1059.3586      13790.446     -5659.902       953.09024     -4706.8117     -75.140186      15308.413    
     49300   299.89022     -5678.764       995.4998       13834.84      -5678.764       914.47584     -4764.2882     -1016.9917      15308.413    
     49400   311.84563     -5747.8167      1107.9725      13656.509     -5747.8167      950.93229     -4796.8844      199.0974       15308.413    
     49500   288.36631     -5724.789       1067.842       13719.014     -5724.789       879.33518     -4845.4538     -341.15009      15308.413    
     49600   296.77475     -5764.073       1102.6892      13643.459     -5764.073       904.97562     -4859.0974     -17.924092      15308.413    
     49700   291.95469     -5756.2655      1108.2282      13646.653     -5756.2655      890.2775      -4865.988       78.771847      15308.413    
     49800   302.38567     -5745.4987      1078.0633      13687.77      -5745.4987      922.0854      -4823.4133     -255.93849      15308.413    
     49900   314.10668     -5735.747       1061.4805      13712.824     -5735.747       957.82706     -4777.9199     -397.02788      15308.413    
     50000   302.54793     -5700.0575      1119.8711      13690.487     -5700.0575      922.58019     -4777.4773      538.22979      15308.413    