# Time-averaged data for fix out
# TimeStep Number-of-rows
# Row c_myrdfs[1] c_myrdfs[2] c_myrdfs[3] c_myrdfs[4] c_myrdfs[5] c_myrdfs[6] c_myrdfs[7]
100000 250
1 0.024 0 0 0 0 0 0
2 0.072 0 0 0 0 0 0
3 0.12 0 0 0 0 0 0
4 0.168 0 0 0 0 0 0
5 0.216 0 0 0 0 0 0
6 0.264 0 0 0 0 0 0
7 0.312 0 0 0 0 0 0
8 0.36 0 0 0 0 0 0
9 0.408 0 0 0 0 0 0
10 0.456 0 0 0 0 0 0
11 0.504 0 0 0 0 0 0
12 0.552 0 0 0 0 0 0
13 0.6 0 0 0 0 0 0
14 0.648 0 0 0 0 0 0
15 0.696 0 0 0 0 0 0
16 0.744 0 0 0 0 0 0
17 0.792 0 0 0 0 0 0
18 0.84 0 0 0 0 0 0
19 0.888 0 0 0 0 0 0
20 0.936 0 0 0 0 0 0
21 0.984 0 0 0 0 0 0
22 1.032 0 0 0 0 0 0
23 1.08 0 0 0 0 0 0
24 1.128 0 0 0 0 0 0
25 1.176 0 0 0 0 0 0
26 1.224 0 0 0 0 0 0
27 1.272 0 0 0 0 0 0
28 1.32 0 0 0 0 0 0
29 1.368 0 0 0 0 0 0
30 1.416 0 0 0 0 0.000160935 1.30208e-05
31 1.464 0 0 0.000301405 2.60417e-05 0.006775 0.000598958
32 1.512 0 0 0.00134223 0.00014974 0.0484847 0.00507161
33 1.56 0 0 0.00504362 0.000644531 0.215205 0.0262044
34 1.608 0 0 0.011118 0.00180339 0.558291 0.0844531
35 1.656 0 0 0.0260306 0.00468099 1.0132 0.196569
36 1.704 0 0 0.0480572 0.010306 1.39385 0.359876
37 1.752 0 0 0.0917621 0.0216602 1.5772 0.555221
38 1.8 0 0 0.144009 0.0404688 1.56213 0.759447
39 1.848 0 0 0.232958 0.0725391 1.39501 0.95168
40 1.896 0 0 0.325904 0.119766 1.16823 1.12113
41 1.944 0 0 0.451681 0.188574 0.940691 1.26458
42 1.992 0 0 0.583011 0.281829 0.748139 1.38436
43 2.04 0 0 0.720178 0.402643 0.586373 1.48283
44 2.088 0 0 0.866117 0.554857 0.460244 1.56379
45 2.136 0 0 1.00576 0.739831 0.364466 1.63089
46 2.184 0 0 1.1163 0.954466 0.292605 1.6872
47 2.232 0 0 1.21778 1.19902 0.249646 1.73738
48 2.28 0 0 1.29306 1.46997 0.217984 1.78311
49 2.328 0 0 1.33634 1.76191 0.195155 1.82578
50 2.376 0 0 1.36277 2.07203 0.187264 1.86844
51 2.424 0.00121063 0.000143229 1.34748 2.39118 0.183107 1.91185
52 2.472 0.029525 0.00377604 1.3116 2.71426 0.196159 1.96021
53 2.52 0.184112 0.0273177 1.23554 3.03054 0.210761 2.01422
54 2.568 0.668871 0.116133 1.1682 3.34108 0.237234 2.07734
55 2.616 1.50134 0.323008 1.07704 3.63819 0.281564 2.15509
56 2.664 2.37223 0.661992 0.976974 3.91768 0.332805 2.25039
57 2.712 2.94835 1.09862 0.891927 4.18211 0.403484 2.37013
58 2.76 3.06249 1.56835 0.82918 4.43672 0.484868 2.51916
59 2.808 2.84075 2.01935 0.773791 4.68266 0.580349 2.7038
60 2.856 2.40317 2.41404 0.729644 4.92256 0.696371 2.93298
61 2.904 1.98745 2.75151 0.715127 5.16566 0.811606 3.20915
62 2.952 1.61537 3.03495 0.699734 5.41145 0.94946 3.54299
63 3 1.33129 3.2762 0.705212 5.66729 1.10192 3.94314
64 3.048 1.13064 3.4877 0.708732 5.9327 1.24593 4.41018
65 3.096 0.9732 3.67552 0.729001 6.21437 1.38007 4.94392
66 3.144 0.908514 3.85634 0.752091 6.51404 1.47774 5.53329
67 3.192 0.850995 4.03092 0.773694 6.8318 1.54345 6.16782
68 3.24 0.822641 4.2048 0.811313 7.1751 1.57524 6.83503
69 3.288 0.813932 4.38198 0.839639 7.541 1.56606 7.51816
70 3.336 0.81183 4.56389 0.867694 7.93025 1.52068 8.201
71 3.384 0.815052 4.75182 0.912152 8.3513 1.46786 8.87922
72 3.432 0.812837 4.9446 0.944065 8.79952 1.42198 9.55501
73 3.48 0.826667 5.14617 0.979951 9.2779 1.35343 10.2163
74 3.528 0.844228 5.35775 1.02184 9.79057 1.29669 10.8676
75 3.576 0.856205 5.5782 1.04284 10.3281 1.24296 11.5089
76 3.624 0.859378 5.80546 1.07759 10.8986 1.18598 12.1374
77 3.672 0.875474 6.04314 1.1034 11.4983 1.12842 12.7513
78 3.72 0.904245 6.29509 1.13226 12.1299 1.09229 13.3611
79 3.768 0.912144 6.55585 1.14974 12.7879 1.05481 13.9654
80 3.816 0.94623 6.83328 1.17051 13.4749 1.02599 14.5682
81 3.864 0.943874 7.11703 1.16574 14.1765 1.00854 15.1758
82 3.912 0.966998 7.415 1.17032 14.8985 0.993461 15.7892
83 3.96 0.980524 7.7246 1.16687 15.6361 0.985616 16.4129
84 4.008 1.00432 8.04944 1.1549 16.3839 0.9802 17.0482
85 4.056 1.0167 8.38621 1.13502 17.1365 0.972919 17.694
86 4.104 1.03337 8.73665 1.11617 17.8943 0.971495 18.3542
87 4.152 1.04844 9.10057 1.09938 18.6583 0.969979 19.0289
88 4.2 1.0638 9.47841 1.08037 19.4265 0.967802 19.7177
89 4.248 1.08674 9.87327 1.0629 20.1996 0.970144 20.4241
90 4.296 1.09545 10.2803 1.05015 20.9808 0.963536 21.1416
91 4.344 1.10137 10.6988 1.04824 21.7782 0.966815 21.8777
92 4.392 1.10109 11.1265 1.0395 22.5864 0.964159 22.6281
93 4.44 1.1195 11.5708 1.0358 23.4095 0.964657 23.3954
94 4.488 1.12419 12.0267 1.03271 24.248 0.957119 24.1733
95 4.536 1.12118 12.4912 1.02654 25.0994 0.96259 24.9724
96 4.584 1.11373 12.9624 1.02659 25.9689 0.95867 25.7852
97 4.632 1.10946 13.4417 1.0291 26.8589 0.962985 26.6188
98 4.68 1.09653 13.9253 1.02448 27.7634 0.964374 27.4711
99 4.728 1.10027 14.4205 1.01936 28.6819 0.963334 28.3399
100 4.776 1.08748 14.92 1.01398 29.6142 0.96304 29.2263
101 4.824 1.07623 15.4242 1.0056 30.5575 0.9745 30.1413
102 4.872 1.06221 15.9319 1.00097 31.5152 0.975399 31.0754
103 4.92 1.05166 16.4445 0.99121 32.4823 0.982443 32.035
104 4.968 1.03903 16.9608 0.988621 33.4659 0.986773 33.0176
105 5.016 1.02993 17.4826 0.986924 34.4668 0.991187 34.0239
106 5.064 1.00821 18.0031 0.97724 35.477 0.999472 35.058
107 5.112 0.993717 18.526 0.97204 36.5009 1.00141 36.1139
108 5.16 0.985589 19.0544 0.97313 37.5453 1.00721 37.1959
109 5.208 0.976708 19.5878 0.966238 38.6017 1.01217 38.3036
110 5.256 0.965107 20.1246 0.965754 39.6771 1.01626 39.4364
111 5.304 0.961442 20.6692 0.958544 40.7641 1.01477 40.5882
112 5.352 0.951995 21.2182 0.960452 41.873 1.01817 41.765
113 5.4 0.925122 21.7614 0.952781 42.9929 1.02024 42.9654
114 5.448 0.925364 22.3144 0.961174 44.1429 1.01854 44.1851
115 5.496 0.915886 22.8714 0.96343 45.3159 1.01628 45.4237
116 5.544 0.90161 23.4294 0.963052 46.509 1.01654 46.6844
117 5.592 0.905328 23.9994 0.967927 47.7291 1.01242 47.9617
118 5.64 0.897872 24.5745 0.972035 48.9754 1.01213 49.2608
119 5.688 0.900292 25.161 0.97683 50.2493 1.00946 50.5785
120 5.736 0.914652 25.7669 0.98376 51.554 1.00275 51.9097
121 5.784 0.912949 26.3818 0.982128 52.8784 0.99682 53.2552
122 5.832 0.919392 27.0115 0.988271 54.2334 0.988041 54.6111
123 5.88 0.926458 27.6564 0.99633 55.6219 0.986849 55.9878
124 5.928 0.926017 28.3116 0.998305 57.036 0.984285 57.3834
125 5.976 0.942836 28.9896 0.99747 58.4719 0.979467 58.7948
126 6.024 0.948471 29.6826 1.00107 59.9362 0.973337 60.2199
127 6.072 0.956407 30.3926 1.00648 61.432 0.97078 61.664
128 6.12 0.973785 31.1269 1.00427 62.9481 0.967063 63.1255
129 6.168 0.978678 31.8766 1.00376 64.4874 0.968518 64.6122
130 6.216 0.984342 32.6424 1.00852 66.0582 0.962007 66.1119
131 6.264 0.993575 33.4274 1.00311 67.6447 0.968046 67.6445
132 6.312 0.999103 34.2288 1.00124 69.2526 0.965347 69.1963
133 6.36 1.01321 35.054 1.00538 70.8919 0.970728 70.7806
134 6.408 1.02073 35.8979 1.00052 72.5479 0.970433 72.3884
135 6.456 1.02418 36.7574 1.00248 74.2322 0.970323 74.0202
136 6.504 1.02551 37.6309 1.00448 75.9449 0.973714 75.6821
137 6.552 1.02863 38.52 0.996865 77.6699 0.979462 77.3787
138 6.6 1.04143 39.4334 0.997401 79.4212 0.985689 79.1111
139 6.648 1.04026 40.3591 1.00003 81.2027 0.987322 80.8717
140 6.696 1.047 41.3043 0.99798 83.0064 0.990992 82.6645
141 6.744 1.04571 42.2619 0.999681 84.8391 0.99416 84.4888
142 6.792 1.04376 43.2314 0.997537 86.694 0.994901 86.3406
143 6.84 1.04996 44.2205 0.99727 88.5747 1.00357 88.2351
144 6.888 1.04864 45.2222 0.999429 90.486 1.0039 90.1569
145 6.936 1.04173 46.2313 0.996868 92.4191 1.00744 92.1124
146 6.984 1.03958 47.2522 1.00106 94.3873 1.01302 94.106
147 7.032 1.04291 48.2906 0.998399 96.3774 1.013 96.1271
148 7.08 1.0315 49.3317 0.998508 98.3949 1.0128 98.1755
149 7.128 1.03332 50.3888 1.00247 100.448 1.0163 100.259
150 7.176 1.03032 51.457 1.0005 102.525 1.02029 102.379
151 7.224 1.02496 52.534 1.00458 104.638 1.02316 104.533
152 7.272 1.02777 53.6283 1.00052 106.771 1.01813 106.706
153 7.32 1.01837 54.727 1.00463 108.94 1.02296 108.917
154 7.368 1.01344 55.8348 1.00487 111.139 1.0269 111.166
155 7.416 1.01808 56.9621 1.0062 113.37 1.02268 113.436
156 7.464 1.00482 58.0893 1.00609 115.629 1.02185 115.733
157 7.512 1.00251 59.2283 1.00451 117.914 1.02143 118.058
158 7.56 0.998101 60.3769 1.00577 120.231 1.02036 120.411
159 7.608 1.00119 61.5437 1.00786 122.583 1.02075 122.795
160 7.656 1.00265 62.727 1.01036 124.97 1.02014 125.208
161 7.704 0.994305 63.9152 1.00801 127.381 1.01796 127.646
162 7.752 0.991489 65.1149 1.01041 129.829 1.01548 130.108
163 7.8 0.99041 66.3281 1.00711 132.299 1.01398 132.597
164 7.848 0.99152 67.5577 1.0122 134.812 1.0092 135.105
165 7.896 0.992146 68.8032 1.0085 137.346 1.0077 137.64
166 7.944 0.990614 70.0619 1.01082 139.917 1.00499 140.199
167 7.992 0.990374 71.3356 1.00677 142.509 1.00383 142.786
168 8.04 0.990328 72.6245 1.00892 145.138 1.00296 145.402
169 8.088 0.985232 73.9222 1.00876 147.798 1.00064 148.043
170 8.136 0.991969 75.2443 1.00687 150.485 1.00034 150.714
171 8.184 0.993016 76.5834 1.00828 153.207 0.995788 153.405
172 8.232 0.985544 77.9282 1.01033 155.967 0.994296 156.124
173 8.28 0.989884 79.2946 1.00719 158.75 0.991811 158.868
174 8.328 0.992978 80.6812 1.00434 161.558 0.990794 161.64
175 8.376 0.998009 82.091 1.00617 164.403 0.992629 164.45
176 8.424 1.0023 83.5231 0.99961 167.263 0.989625 167.284
177 8.472 1.00237 84.9717 1.001 170.159 0.990666 170.152
178 8.52 1.00255 86.437 1.00007 173.085 0.989702 173.051
179 8.568 0.995106 87.9079 1.00027 176.045 0.990518 175.985
180 8.616 0.998745 89.4007 0.999327 179.035 0.988907 178.947
181 8.664 0.998875 90.9104 0.997995 182.055 0.992659 181.954
182 8.712 1.00292 92.443 0.998513 185.11 0.992119 184.992
183 8.76 1.00062 93.9891 0.997371 188.195 0.992921 188.066
184 8.808 1.00789 95.5635 0.994832 191.306 0.992663 191.173
185 8.856 0.997895 97.1393 0.997925 194.46 0.993498 194.317
186 8.904 1.00221 98.7391 0.991927 197.63 0.992922 197.493
187 8.952 1.00562 100.362 0.993627 200.84 0.993123 200.705
188 9 1.00104 101.994 0.995218 204.089 0.995158 203.957
189 9.048 1.00511 103.651 0.995889 207.376 0.993536 207.239
190 9.096 1.00299 105.322 0.9964 210.699 0.994711 210.559
191 9.144 0.99664 107 0.994959 214.052 0.99445 213.914
192 9.192 0.997379 108.697 0.996186 217.445 0.998634 217.319
193 9.24 0.997072 110.411 0.994596 220.868 0.998058 220.757
194 9.288 1.002 112.151 0.994492 224.326 0.999646 224.236
195 9.336 1.00588 113.916 0.995416 227.823 0.998019 227.746
196 9.384 1.00321 115.695 0.99705 231.362 1.00132 231.304
197 9.432 1.00553 117.496 0.997482 234.939 0.998666 234.889
198 9.48 1.00117 119.308 0.995706 238.546 1.00022 238.515
199 9.528 1.005 121.145 0.996406 242.192 1.00167 242.184
200 9.576 1.0004 122.992 0.998281 245.882 1.00188 245.891
201 9.624 1.00096 124.859 0.999305 249.613 0.999099 249.625
202 9.672 1.00391 126.749 1.00028 253.385 1.00275 253.41
203 9.72 0.997759 128.647 0.997671 257.184 1.00147 257.227
204 9.768 0.99933 130.567 1.00036 261.032 1.00272 261.088
205 9.816 0.998641 132.505 1.00194 264.923 1.00039 264.977
206 9.864 0.995499 134.455 1.00304 268.857 1.00103 268.907
207 9.912 0.99971 136.433 1.00213 272.826 0.999584 272.869
208 9.96 0.998742 138.427 1.00307 276.836 1.00123 276.877
209 10.008 0.999089 140.442 1.00016 280.874 0.99947 280.916
210 10.056 1.00028 142.479 1.00172 284.958 1.00004 284.996
211 10.104 1.00407 144.543 1.00414 289.09 1.00176 289.123
212 10.152 0.99656 146.611 1.00387 293.26 0.998093 293.273
213 10.2 1.00339 148.713 1.00381 297.47 1.00086 297.474
214 10.248 1.00545 150.839 1.00296 301.716 0.99982 301.711
215 10.296 1.0008 152.975 1.0032 306.002 1.00149 305.995
216 10.344 1.0039 155.138 1.00221 310.325 0.999192 310.308
217 10.392 0.996656 157.305 1.00043 314.68 1.00156 314.672
218 10.44 1.00091 159.501 1.00182 319.081 1.00098 319.074
219 10.488 1.00301 161.723 1.00249 323.526 1.00139 323.519
220 10.536 1.00102 163.96 1.0036 328.017 1.00073 328.001
221 10.584 1.00318 166.223 1.00102 332.537 1.00104 332.525
222 10.632 1.00534 168.511 0.999179 337.089 1.00127 337.092
223 10.68 1.00239 170.813 1.00397 341.705 1.00019 341.695
224 10.728 1.00395 173.14 1.00337 346.36 0.998441 346.332
225 10.776 1.00097 175.48 1.00139 351.047 1.00184 351.026
226 10.824 1.00203 177.844 1.00202 355.779 1.00072 355.756
227 10.872 1.00371 180.232 1.00326 360.559 1.00285 360.539
228 10.92 1.00356 182.642 1.00001 365.366 0.999283 365.347
229 10.968 1.00637 185.079 1.00108 370.22 1.00043 370.203
230 11.016 1.01021 187.548 1.00201 375.122 1.00053 375.101
231 11.064 1.00716 190.03 1.00018 380.057 1.00099 380.045
232 11.112 1.00182 192.521 1.00131 385.041 1.00135 385.034
233 11.16 1.00129 195.032 1.00057 390.064 1.00208 390.07
234 11.208 1.00781 197.581 1.00036 395.129 1.00121 395.144
235 11.256 1.00606 200.147 0.999339 400.233 1.00092 400.261
236 11.304 1.00336 202.729 1.00019 405.384 1.00101 405.422
237 11.352 1.00243 205.33 1.00075 410.583 0.998948 410.616
238 11.4 1.00342 207.955 1.00016 415.822 0.999214 415.856
239 11.448 1.00237 210.6 1.00018 421.106 0.999678 421.142
240 11.496 1.00165 213.266 1.00193 426.443 0.999322 426.47
241 11.544 1.00019 215.949 1.0012 431.821 1.00114 431.853
242 11.592 1.00254 218.662 1.00012 437.238 1.00206 437.286
243 11.64 1.00065 221.392 1.00205 442.711 1.00201 442.764
244 11.688 1.00216 224.148 1.00234 448.23 1.00083 448.281
245 11.736 1.00281 226.929 1.00316 453.8 0.999616 453.836
246 11.784 0.999696 229.724 0.998928 459.391 0.999237 459.434
247 11.832 1.00121 232.546 1.00135 465.042 0.998533 465.075
248 11.88 1.00248 235.395 1.00102 470.736 0.999296 470.765
249 11.928 1.00505 238.274 1.00284 476.488 0.999749 476.504
250 11.976 1.00348 241.172 1.00194 482.28 0.9997 482.289
150000 250
1 0.024 0 0 0 0 0 0
2 0.072 0 0 0 0 0 0
3 0.12 0 0 0 0 0 0
4 0.168 0 0 0 0 0 0
5 0.216 0 0 0 0 0 0
6 0.264 0 0 0 0 0 0
7 0.312 0 0 0 0 0 0
8 0.36 0 0 0 0 0 0
9 0.408 0 0 0 0 0 0
10 0.456 0 0 0 0 0 0
11 0.504 0 0 0 0 0 0
12 0.552 0 0 0 0 0 0
13 0.6 0 0 0 0 0 0
14 0.648 0 0 0 0 0 0
15 0.696 0 0 0 0 0 0
16 0.744 0 0 0 0 0 0
17 0.792 0 0 0 0 0 0
18 0.84 0 0 0 0 0 0
19 0.888 0 0 0 0 0 0
20 0.936 0 0 0 0 0 0
21 0.984 0 0 0 0 0 0
22 1.032 0 0 0 0 0 0
23 1.08 0 0 0 0 0 0
24 1.128 0 0 0 0 0 0
25 1.176 0 0 0 0 0 0
26 1.224 0 0 0 0 0 0
27 1.272 0 0 0 0 0 0
28 1.32 0 0 0 0 0 0
29 1.368 0 0 0 0 0 0
30 1.416 0 0 0.000161092 1.30208e-05 8.04674e-05 6.51042e-06
31 1.464 0 0 0.000602811 6.51042e-05 0.00587167 0.000514323
32 1.512 0 0 0.00183673 0.000234375 0.0480612 0.00494792
33 1.56 0 0 0.00451271 0.000677083 0.212819 0.0258464
34 1.608 0 0 0.0130543 0.00203776 0.561037 0.0843815
35 1.656 0 0 0.0259717 0.00490885 1.00543 0.195638
36 1.704 0 0 0.051172 0.0108984 1.37707 0.356979
37 1.752 0 0 0.0887104 0.021875 1.565 0.550814
38 1.8 0 0 0.149642 0.0414193 1.55382 0.753952
39 1.848 0 0 0.228655 0.0728971 1.39653 0.946393
40 1.896 0 0 0.338394 0.121934 1.15023 1.11324
41 1.944 0 0 0.455185 0.191276 0.937873 1.25625
42 1.992 0 0 0.597542 0.286855 0.749196 1.3762
43 2.04 0 0 0.726969 0.408809 0.58521 1.47447
44 2.088 0 0 0.862783 0.560436 0.459467 1.5553
45 2.136 0 0 0.996801 0.743763 0.366199 1.62271
46 2.184 0 0 1.12812 0.960671 0.309789 1.68234
47 2.232 0 0 1.20445 1.20255 0.252982 1.73319
48 2.28 0 0 1.27631 1.46999 0.225775 1.78055
49 2.328 0 0 1.33747 1.76218 0.200395 1.82437
50 2.376 0 0 1.32778 2.06434 0.189007 1.86742
51 2.424 0.00176091 0.000208333 1.31876 2.37669 0.184013 1.91105
52 2.472 0.0284668 0.00371094 1.29189 2.69491 0.192673 1.95855
53 2.52 0.183501 0.0271745 1.23266 3.01045 0.212514 2.01301
54 2.568 0.662987 0.115208 1.16737 3.32077 0.24756 2.07888
55 2.616 1.48905 0.320391 1.0778 3.61809 0.284252 2.15737
56 2.664 2.37579 0.659883 0.985644 3.90005 0.339671 2.25464
57 2.712 2.90913 1.0907 0.902182 4.16753 0.404449 2.37466
58 2.76 3.03906 1.55684 0.832678 4.42321 0.489189 2.52502
59 2.808 2.83287 2.00659 0.774999 4.66953 0.586488 2.71161
60 2.856 2.40801 2.40207 0.739248 4.91259 0.695837 2.94062
61 2.904 1.97656 2.7377 0.727155 5.15978 0.81725 3.2187
62 2.952 1.60877 3.01997 0.709687 5.40907 0.94933 3.5525
63 3 1.34969 3.26456 0.706738 5.66546 1.10303 3.95305
64 3.048 1.14275 3.47832 0.719911 5.93506 1.24224 4.41871
65 3.096 0.999512 3.67122 0.734663 6.21891 1.37893 4.95201
66 3.144 0.917804 3.85389 0.758185 6.52101 1.48117 5.54275
67 3.192 0.869655 4.0323 0.783966 6.84299 1.53581 6.17413
68 3.24 0.830218 4.20779 0.816513 7.1885 1.56809 6.83832
69 3.288 0.818478 4.38595 0.840984 7.55498 1.55458 7.51644
70 3.336 0.819093 4.56949 0.882149 7.95071 1.50931 8.19417
71 3.384 0.816295 4.75771 0.905904 8.36887 1.46886 8.87286
72 3.432 0.828595 4.95422 0.943942 8.81704 1.41784 9.54669
73 3.48 0.839643 5.15896 0.987086 9.2989 1.35966 10.2111
74 3.528 0.83737 5.36882 1.01984 9.81057 1.30396 10.8659
75 3.576 0.849277 5.58749 1.05663 10.3552 1.25272 11.5123
76 3.624 0.868143 5.81706 1.07369 10.9236 1.18912 12.1424
77 3.672 0.886649 6.05777 1.10829 11.526 1.14023 12.7628
78 3.72 0.904338 6.30975 1.13662 12.16 1.09465 13.374
79 3.768 0.922165 6.57337 1.14374 12.8146 1.06206 13.9824
80 3.816 0.939125 6.84872 1.16879 13.5006 1.03146 14.5884
81 3.864 0.95232 7.13501 1.16868 14.204 1.00635 15.1947
82 3.912 0.972111 7.43456 1.16663 14.9237 0.997731 15.8107
83 3.96 0.994174 7.74846 1.15748 15.6553 0.983713 16.4332
84 4.008 1.01636 8.0772 1.15766 16.4049 0.979246 17.0679
85 4.056 1.01241 8.41255 1.13677 17.1588 0.97696 17.7163
86 4.104 1.03871 8.7648 1.11839 17.918 0.972137 18.377
87 4.152 1.05729 9.1318 1.09767 18.6808 0.977326 19.0568
88 4.2 1.07018 9.5119 1.07668 19.4464 0.976611 19.7519
89 4.248 1.07079 9.90096 1.06137 20.2184 0.974373 20.4613
90 4.296 1.08452 10.304 1.05751 21.0051 0.968432 21.1825
91 4.344 1.10908 10.7254 1.03678 21.7937 0.968329 21.9198
92 4.392 1.10827 11.1558 1.03304 22.597 0.962051 22.6685
93 4.44 1.09575 11.5907 1.03184 23.4169 0.961203 23.4331
94 4.488 1.10336 12.0382 1.02921 24.2525 0.95901 24.2125
95 4.536 1.10826 12.4973 1.03139 25.1079 0.957077 25.007
96 4.584 1.10459 12.9647 1.02294 25.9744 0.960721 25.8215
97 4.632 1.1015 13.4405 1.02173 26.858 0.955879 26.649
98 4.68 1.09877 13.9251 1.01551 27.7546 0.958922 27.4965
99 4.728 1.08065 14.4115 1.01641 28.6704 0.958448 28.3609
100 4.776 1.0853 14.9099 1.01215 29.601 0.962163 29.2465
101 4.824 1.07095 15.4117 1.00518 30.5439 0.968336 30.1557
102 4.872 1.06262 15.9196 1.00365 31.5042 0.968357 31.0831
103 4.92 1.03961 16.4263 0.996728 32.4767 0.972265 32.0327
104 4.968 1.03332 16.9398 0.989386 33.461 0.979816 33.0084
105 5.016 1.01703 17.455 0.983894 34.4589 0.989808 34.0132
106 5.064 1.01312 17.9781 0.978166 35.47 0.990953 35.0386
107 5.112 1.00641 18.5077 0.971101 36.4929 0.995487 36.0882
108 5.16 0.985589 19.036 0.96963 37.5336 1.00329 37.166
109 5.208 0.979784 19.5711 0.960319 38.5835 1.0054 38.2663
110 5.256 0.968946 20.1101 0.967385 39.6607 1.01052 39.3927
111 5.304 0.956729 20.652 0.957993 40.7471 1.01206 40.5415
112 5.352 0.938855 21.1935 0.95796 41.8531 1.01623 41.716
113 5.4 0.928027 21.7383 0.957949 42.9791 1.01363 42.9085
114 5.448 0.922836 22.2898 0.958192 44.1255 1.01767 44.1273
115 5.496 0.915094 22.8464 0.959628 45.2939 1.0154 45.3648
116 5.544 0.91213 23.4109 0.967382 46.4924 1.01515 46.6237
117 5.592 0.900489 23.9778 0.971392 47.7168 1.02032 47.9111
118 5.64 0.902426 24.5558 0.970187 48.9608 1.01613 49.2152
119 5.688 0.901371 25.143 0.974479 50.2317 1.00915 50.5326
120 5.736 0.910544 25.7462 0.978488 51.5293 1.00128 51.8618
121 5.784 0.915366 26.3628 0.984499 52.857 0.997351 53.208
122 5.832 0.921313 26.9937 0.986656 54.2097 0.993473 54.5714
123 5.88 0.928572 27.6401 0.988958 55.5879 0.987087 55.9484
124 5.928 0.933194 28.3004 0.996039 56.9988 0.981374 57.3399
125 5.976 0.943995 28.9792 0.998668 58.4364 0.980198 58.7523
126 6.024 0.948043 29.6719 1.00074 59.9002 0.977513 60.1835
127 6.072 0.967948 30.3905 1.00146 61.3885 0.974732 61.6335
128 6.12 0.969883 31.1219 1.00354 62.9036 0.970065 63.0995
129 6.168 0.98082 31.8732 1.00668 64.4474 0.969171 64.5872
130 6.216 0.984761 32.6393 1.00811 66.0175 0.967636 66.0958
131 6.264 0.991234 33.4224 1.00562 67.608 0.972031 67.6346
132 6.312 1.00133 34.2257 1.00842 69.2275 0.970126 69.1941
133 6.36 1.0098 35.0481 1.00898 70.8726 0.974777 70.785
134 6.408 1.01593 35.888 1.00212 72.5313 0.972131 72.3957
135 6.456 1.02089 36.7448 1.00684 74.2228 0.974415 74.0343
136 6.504 1.02823 37.6206 1.00688 75.9397 0.976632 75.7013
137 6.552 1.04489 38.5237 1.00624 77.6809 0.981905 77.402
138 6.6 1.03776 39.4339 1.00225 79.4407 0.983881 79.1312
139 6.648 1.03963 40.359 1.00366 81.2287 0.988655 80.8942
140 6.696 1.04978 41.3067 0.997534 83.0315 0.988307 82.6821
141 6.744 1.04203 42.261 0.997284 84.8598 0.996239 84.5103
142 6.792 1.04568 43.2323 0.997852 86.7153 0.999756 86.3712
143 6.84 1.04641 44.218 0.999586 88.6004 1.00327 88.2651
144 6.888 1.04695 45.2181 1.00127 90.5153 1.00509 90.1891
145 6.936 1.04952 46.2347 1.00002 92.4545 1.00623 92.1423
146 6.984 1.03897 47.2551 1.00194 94.4244 1.01319 94.1362
147 7.032 1.04675 48.2973 1.00088 96.4194 1.01376 96.1589
148 7.08 1.036 49.3429 1.00134 98.4426 1.017 98.2158
149 7.128 1.03076 50.3974 1.00184 100.494 1.0198 100.306
150 7.176 1.0336 51.469 1.0006 102.571 1.01736 102.42
151 7.224 1.03071 52.552 1.00096 104.677 1.02006 104.568
152 7.272 1.02401 53.6424 1.00099 106.811 1.01813 106.74
153 7.32 1.02195 54.7449 1.00063 108.972 1.02292 108.952
154 7.368 1.02476 55.865 1.00204 111.165 1.02269 111.192
155 7.416 1.01547 56.9895 1.00367 113.39 1.02198 113.46
156 7.464 1.00637 58.1184 1.0066 115.65 1.02013 115.753
157 7.512 1.00806 59.2637 1.00599 117.938 1.02243 118.081
158 7.56 1.00489 60.4201 1.00593 120.256 1.02055 120.434
159 7.608 0.99796 61.5832 1.00472 122.6 1.01994 122.816
160 7.656 0.993793 62.756 1.00621 124.977 1.01637 125.22
161 7.704 0.991843 63.9413 1.00711 127.387 1.01664 127.654
162 7.752 0.991704 65.1412 1.00749 129.827 1.01431 130.114
163 7.8 0.986073 66.3491 1.00394 132.289 1.00916 132.591
164 7.848 0.984201 67.5697 1.00722 134.79 1.00939 135.099
165 7.896 0.988214 68.8102 1.00604 137.318 1.00724 137.633
166 7.944 0.986074 70.0631 1.00804 139.882 1.00258 140.186
167 7.992 0.99331 71.3406 1.01112 142.485 1.00322 142.771
168 8.04 0.990008 72.6291 1.00745 145.11 1.00254 145.386
169 8.088 0.984451 73.9257 1.00737 147.767 1.00067 148.027
170 8.136 0.984701 75.2382 1.00589 150.451 0.999078 150.696
171 8.184 0.988796 76.5716 1.00716 153.17 0.992977 153.379
172 8.232 0.992634 77.926 1.00431 155.913 0.993567 156.096
173 8.28 0.993704 79.2977 1.00449 158.689 0.991978 158.84
174 8.328 0.988949 80.6787 1.00313 161.493 0.991673 161.615
175 8.376 0.989649 82.0767 1.00546 164.337 0.991108 164.42
176 8.424 0.996556 83.5006 1.00469 167.21 0.991929 167.261
177 8.472 0.997387 84.942 1.00249 170.111 0.98791 170.122
178 8.52 0.999223 86.4024 0.99963 173.036 0.989642 173.02
179 8.568 1.0004 87.8811 1.00048 175.996 0.9867 175.943
180 8.616 0.998719 89.3739 1.00121 178.992 0.988474 178.903
181 8.664 0.999676 90.8848 1.0004 182.019 0.988562 181.897
182 8.712 0.996325 92.4074 0.996911 185.069 0.98947 184.928
183 8.76 0.999408 93.9515 0.999181 188.16 0.991176 187.996
184 8.808 1.00032 95.5141 0.997227 191.278 0.989922 191.095
185 8.856 0.997203 97.0888 0.997064 194.43 0.99214 194.235
186 8.904 1.00139 98.6873 0.994983 197.61 0.993761 197.414
187 8.952 1.00266 100.305 0.994618 200.823 0.994021 200.628
188 9 1.00351 101.942 0.995431 204.073 0.991939 203.87
189 9.048 1.00208 103.594 0.995024 207.356 0.996041 207.16
190 9.096 1.00977 105.276 0.994204 210.672 0.9961 210.485
191 9.144 0.996191 106.953 0.993172 214.019 0.994469 213.84
192 9.192 1.00105 108.656 0.995036 217.408 0.998607 217.244
193 9.24 1.00031 110.375 0.993871 220.829 0.99843 220.684
194 9.288 1.00301 112.118 0.996609 224.294 0.998406 224.159
195 9.336 1.0003 113.873 0.993266 227.784 1.00018 227.676
196 9.384 1.00201 115.65 0.994396 231.314 1.00015 231.23
197 9.432 1.00366 117.447 0.996382 234.886 1.00189 234.826
198 9.48 1.00438 119.265 0.996854 238.498 1.00412 238.467
199 9.528 1.00415 121.1 0.994863 242.138 1.00109 242.134
200 9.576 0.99759 122.942 0.997416 245.825 1.00225 245.842
201 9.624 1.00501 124.816 0.999723 249.557 1.00266 249.589
202 9.672 0.998147 126.697 1.00023 253.329 1.0032 253.376
203 9.72 1.00364 128.606 0.998608 257.132 1.00211 257.196
204 9.768 1.00449 130.535 1.00007 260.978 1.0011 261.05
205 9.816 1.00213 132.48 1.00249 264.872 1.00383 264.952
206 9.864 1.00427 134.447 1.00192 268.801 1.00277 268.889
207 9.912 1.00164 136.429 1.00113 272.766 1.00158 272.859
208 9.96 1.00482 138.436 1.00304 276.777 1.00224 276.871
209 10.008 0.999341 140.451 1.00695 280.842 1.00335 280.926
210 10.056 1.00629 142.5 1.00551 284.941 1.00488 285.026
211 10.104 1.00268 144.561 1.00442 289.074 1.00086 289.148
212 10.152 1.00361 146.643 1.00235 293.238 1.00036 293.308
213 10.2 1.00139 148.741 1.00491 297.452 1.00147 297.512
214 10.248 0.997718 150.851 1.00369 301.701 1.00071 301.753
215 10.296 1.00119 152.988 1.00505 305.996 1.00072 306.033
216 10.344 1.00087 155.144 1.00469 310.329 1.00085 310.354
217 10.392 1.00176 157.322 1.00353 314.698 1.00052 314.713
218 10.44 1.00087 159.519 1.00326 319.105 0.999677 319.11
219 10.488 1.00225 161.739 1.00524 323.562 0.999012 323.543
220 10.536 1.00513 163.985 1.00148 328.043 1.0022 328.032
221 10.584 1.00422 166.25 1.00331 332.574 1.00093 332.556
222 10.632 1.00215 168.531 1.00413 337.149 0.998684 337.111
223 10.68 1.00949 170.849 1.00273 341.759 1.00019 341.714
224 10.728 1.0103 173.191 1.00281 346.412 1.00027 346.359
225 10.776 1.00433 175.539 1.00189 351.101 0.998217 351.036
226 10.824 1.0032 177.905 1.00347 355.84 1.00061 355.766
227 10.872 1.00204 180.29 1.0019 360.614 1.00052 360.538
228 10.92 1.00498 182.703 1.00015 365.421 1.0015 365.356
229 10.968 1.00528 185.138 1.00196 370.279 0.999977 370.21
230 11.016 1.00301 187.589 1.00014 375.172 1.00068 375.109
231 11.064 1.00308 190.061 1.00063 380.109 0.999994 380.049
232 11.112 0.998925 192.544 0.997761 385.075 0.998915 385.025
233 11.16 1.00027 195.053 0.999161 390.091 1.00091 390.055
234 11.208 1.003 197.59 0.999978 395.154 1.00148 395.131
235 11.256 1.00507 200.154 1.00041 400.264 1.00263 400.256
236 11.304 0.996101 202.716 1.00056 405.417 1.00278 405.426
237 11.352 1.00175 205.316 0.99792 410.601 1.00079 410.63
238 11.4 1.00172 207.937 0.996895 415.823 1.001 415.879
239 11.448 1.00007 210.576 1.0002 421.107 1.00035 421.169
240 11.496 1.00057 213.238 0.999514 426.431 1.00069 426.505
241 11.544 1.00176 215.926 0.997737 431.791 1.00019 431.882
242 11.592 0.996102 218.621 0.997224 437.192 1.00179 437.314
243 11.64 1.00208 221.355 0.999741 442.652 0.997771 442.768
244 11.688 1.00565 224.121 0.999082 448.154 0.999062 448.275
245 11.736 0.999106 226.892 0.999686 453.704 0.998164 453.822
246 11.784 1.003 229.696 1.00256 459.315 0.999412 459.422
247 11.832 1.00339 232.524 1.0017 464.968 0.998034 465.059
248 11.88 1.0027 235.374 1.00198 470.668 0.998599 470.746
249 11.928 1.00209 238.244 0.999205 476.399 0.996609 476.467
250 11.976 0.998844 241.129 1.00264 482.195 0.997846 482.241
