    1     1   1 -0.84760   0.411415  11.759600   6.480220
    2     1   2  0.42380   0.163346  10.964300   5.927130
    3     1   2  0.42380   1.394450  11.744900   6.663040
    4     2   1 -0.84760   2.535340  16.646900  12.083400
    5     2   2  0.42380   2.904510  17.094800  11.269100
    6     2   2  0.42380   2.114380  17.331600  12.678400
    7     3   1 -0.84760  20.640100  23.849900   8.274050
    8     3   2  0.42380  20.066500  23.309000   7.658940
    9     3   2  0.42380  20.500800  24.822900   8.090030
   10     4   1 -0.84760  16.986200  15.193200   0.220209
   11     4   2  0.42380  17.460200  14.574200  -0.406000
   12     4   2  0.42380  17.649000  15.810600   0.643849
   13     5   1 -0.84760  13.056800  24.301200  10.786100
   14     5   2  0.42380  13.895600  24.319100  11.330300
   15     5   2  0.42380  12.330600  23.853300  11.307600
   16     6   1 -0.84760  10.103600  13.200700  22.651100
   17     6   2  0.42380  11.036300  12.951600  22.911800
   18     6   2  0.42380   9.688900  13.747500  23.378500
   19     7   1 -0.84760   2.231220   4.901250   1.155370
   20     7   2  0.42380   3.210600   5.056710   1.284330
   21     7   2  0.42380   1.840830   5.655030   0.626777
   22     8   1 -0.84760  18.263200  23.954800   3.634810
   23     8   2  0.42380  18.840600  23.204100   3.955850
   24     8   2  0.42380  18.084300  24.584400   4.390790
   25     9   1 -0.84760   4.307530  19.930100   4.201110
   26     9   2  0.42380   3.683030  19.405600   4.779740
   27     9   2  0.42380   4.499940  20.811800   4.632020
   28    10   1 -0.84760  22.439900  16.449900  18.615300
   29    10   2  0.42380  21.937100  17.308500  18.715800
   30    10   2  0.42380  22.078700  15.941700  17.833500
   31    11   1 -0.84760  23.680900  20.812500   0.987299
   32    11   2  0.42380  22.713900  21.066200   1.010850
   33    11   2  0.42380  24.219700  21.583900   0.648702
   34    12   1 -0.84760  13.038300  20.112200  15.734600
   35    12   2  0.42380  12.957400  20.712900  14.939200
   36    12   2  0.42380  12.391100  20.403200  16.439200
   37    13   1 -0.84760  11.812500  15.606000   5.243660
   38    13   2  0.42380  11.050400  14.960500   5.293550
   39    13   2  0.42380  12.624700  15.195400   5.658170
   40    14   1 -0.84760  15.386500   1.301830  21.461100
   41    14   2  0.42380  15.640500   0.390466  21.137200
   42    14   2  0.42380  15.968700   1.985950  21.021700
   43    15   1 -0.84760   5.554650  15.408100  21.178200
   44    15   2  0.42380   5.323920  15.895000  22.020600
   45    15   2  0.42380   6.014250  14.549400  21.404700
   46    16   1 -0.84760  21.905400  23.617700  14.998300
   47    16   2  0.42380  22.320800  24.366600  14.481900
   48    16   2  0.42380  21.602400  23.955300  15.889500
   49    17   1 -0.84760  18.703800   5.289610  11.128800
   50    17   2  0.42380  19.549300   5.403830  10.607200
   51    17   2  0.42380  18.602300   6.050310  11.769900
   52    18   1 -0.84760   1.860670  18.526100  17.724300
   53    18   2  0.42380   1.866600  17.723500  17.127800
   54    18   2  0.42380   1.335060  19.258800  17.292000
   55    19   1 -0.84760   9.965880  20.178400  20.662600
   56    19   2  0.42380   9.884830  20.579500  19.750200
   57    19   2  0.42380  10.791400  19.615700  20.707200
   58    20   1 -0.84760   2.227950   5.640790   6.505490
   59    20   2  0.42380   2.212190   6.477200   7.053360
   60    20   2  0.42380   1.295020   5.299150   6.391830
   61    21   1 -0.84760  22.639800  17.115800  12.074600
   62    21   2  0.42380  22.590800  16.122100  11.973300
   63    21   2  0.42380  21.825800  17.442400  12.554900
   64    22   1 -0.84760  11.923100   6.892850  21.156700
   65    22   2  0.42380  12.044100   6.755750  20.173600
   66    22   2  0.42380  12.432500   6.192080  21.656100
   67    23   1 -0.84760   4.248830  20.302100  17.564900
   68    23   2  0.42380   3.602120  19.560700  17.744100
   69    23   2  0.42380   5.034470  19.944400  17.060100
   70    24   1 -0.84760   3.702600   1.517460  24.432000
   71    24   2  0.42380   3.078580   1.418620  25.207094
   72    24   2  0.42380   4.594790   1.828130  24.759800
   73    25   1 -0.84760  15.679400  15.193600  18.394700
   74    25   2  0.42380  15.431000  15.356700  17.439800
   75    25   2  0.42380  16.656800  14.991000  18.454900
   76    26   1 -0.84760   9.289180   3.384150   3.730650
   77    26   2  0.42380   8.823780   3.025510   4.539840
   78    26   2  0.42380   8.936900   2.927500   2.913730
   79    27   1 -0.84760   1.552320  13.174000  19.768800
   80    27   2  0.42380   1.068060  12.346700  19.484100
   81    27   2  0.42380   0.978023  13.973600  19.593100
   82    28   1 -0.84760  10.595400  15.551500  16.142800
   83    28   2  0.42380  11.398100  14.957900  16.083900
   84    28   2  0.42380   9.772170  15.019400  15.944900
   85    29   1 -0.84760  20.587500  11.071300  17.498200
   86    29   2  0.42380  20.690600  11.827400  16.851900
   87    29   2  0.42380  21.353200  11.075700  18.141300
   88    30   1 -0.84760   4.370190  14.631500  12.220000
   89    30   2  0.42380   4.907390  14.478300  11.390600
   90    30   2  0.42380   3.649770  15.299000  12.032000
   91    31   1 -0.84760   0.451037   9.459660  16.210900
   92    31   2  0.42380   1.188860   9.927190  15.724100
   93    31   2  0.42380  -0.425000   9.685860  15.785100
   94    32   1 -0.84760   9.179360   3.327980  12.074300
   95    32   2  0.42380   8.488520   2.643480  12.307000
   96    32   2  0.42380   8.738220   4.215980  11.944400
   97    33   1 -0.84760   2.701100  20.162800   0.308019
   98    33   2  0.42380   3.509540  19.950300   0.856891
   99    33   2  0.42380   2.412490  19.345500  -0.190700
  100    34   1 -0.84760  12.457900  11.523000  12.535700
  101    34   2  0.42380  12.401900  10.657600  12.037800
  102    34   2  0.42380  13.174300  11.461900  13.230800
  103    35   1 -0.84760   5.706360  22.817200  12.103600
  104    35   2  0.42380   5.185240  22.931200  12.949500
  105    35   2  0.42380   5.329420  22.053000  11.580300
  106    36   1 -0.84760  12.374200   9.410140  21.671000
  107    36   2  0.42380  12.475400   8.418390  21.749700
  108    36   2  0.42380  11.968900   9.634530  20.784800
  109    37   1 -0.84760  19.324900  20.130400   2.831950
  110    37   2  0.42380  18.382900  20.179700   2.499960
  111    37   2  0.42380  19.492100  20.879500   3.472980
  112    38   1 -0.84760   3.390680  14.606000  16.473700
  113    38   2  0.42380   4.229140  15.101100  16.246000
  114    38   2  0.42380   3.410770  14.342200  17.438100
  115    39   1 -0.84760  10.827700  18.580100  12.314500
  116    39   2  0.42380   9.993490  18.572500  12.865800
  117    39   2  0.42380  10.588600  18.497600  11.347000
  118    40   1 -0.84760   1.693650  16.735800  15.770000
  119    40   2  0.42380   2.362820  15.993600  15.805800
  120    40   2  0.42380   0.899806  16.443500  15.236800
  121    41   1 -0.84760  19.276500  12.441400   1.880260
  122    41   2  0.42380  18.834900  11.682600   2.359060
  123    41   2  0.42380  18.947800  12.476400   0.936471
  124    42   1 -0.84760  14.548400  18.435900   1.887570
  125    42   2  0.42380  15.164000  18.216500   1.130730
  126    42   2  0.42380  13.600700  18.315400   1.592000
  127    43   1 -0.84760  16.089400  23.523200  12.627800
  128    43   2  0.42380  15.226600  23.171400  12.991000
  129    43   2  0.42380  16.629400  22.766300  12.259700
  130    44   1 -0.84760   3.567990  17.987700   9.968760
  131    44   2  0.42380   3.942180  17.711000   9.083680
  132    44   2  0.42380   3.783180  18.950000  10.135400
  133    45   1 -0.84760   0.864774  14.380700   9.379820
  134    45   2  0.42380   0.532582  15.305300   9.193370
  135    45   2  0.42380   0.175420  13.714900   9.094240
  136    46   1 -0.84760  20.649600  18.600600  18.286700
  137    46   2  0.42380  20.063100  18.678500  19.092900
  138    46   2  0.42380  21.091100  19.480100  18.109400
  139    47   1 -0.84760  11.147700  10.603300   3.674570
  140    47   2  0.42380  11.487000  10.508500   4.610450
  141    47   2  0.42380  10.570400  11.417300   3.610210
  142    48   1 -0.84760   8.415600  16.618700  11.967400
  143    48   2  0.42380   9.243080  16.093600  11.768600
  144    48   2  0.42380   8.102370  16.409100  12.893700
  145    49   1 -0.84760   3.640620  12.523700  24.815600
  146    49   2  0.42380   3.263000  12.670100  23.901300
  147    49   2  0.42380   2.946820  12.101700  25.399135
  148    50   1 -0.84760   4.141900   8.904060  14.553900
  149    50   2  0.42380   3.316630   9.468550  14.536700
  150    50   2  0.42380   4.904160   9.415990  14.157800
  151    51   1 -0.84760  13.795700  24.668300   3.692980
  152    51   2  0.42380  13.315900  24.444500   4.541330
  153    51   2  0.42380  13.687800  25.642855   3.496250
  154    52   1 -0.84760  12.570300  13.650200  16.160900
  155    52   2  0.42380  12.324200  13.021800  16.898800
  156    52   2  0.42380  13.274900  13.231800  15.587800
  157    53   1 -0.84760   3.079790   9.497550  20.083700
  158    53   2  0.42380   3.938440   9.878480  19.740700
  159    53   2  0.42380   2.858670   8.664480  19.576600
  160    54   1 -0.84760  17.146600   8.983280  18.794300
  161    54   2  0.42380  16.535100   8.766770  19.555300
  162    54   2  0.42380  17.914700   8.342950  18.791400
  163    55   1 -0.84760  13.998300  17.512100  13.136600
  164    55   2  0.42380  14.164800  16.644400  12.668300
  165    55   2  0.42380  13.385300  17.360100  13.912000
  166    56   1 -0.84760  17.879500   9.756240  14.305000
  167    56   2  0.42380  18.133300  10.471400  13.653700
  168    56   2  0.42380  18.706900   9.337490  14.679400
  169    57   1 -0.84760  20.890300  13.174900   9.608010
  170    57   2  0.42380  20.756300  12.905900   8.654220
  171    57   2  0.42380  20.231700  13.887700   9.848970
  172    58   1 -0.84760  15.995100   5.662900  11.494300
  173    58   2  0.42380  15.725200   5.206350  12.342100
  174    58   2  0.42380  16.892300   5.327990  11.206500
  175    59   1 -0.84760   6.036240   7.218620   6.827940
  176    59   2  0.42380   5.949400   7.535590   7.772390
  177    59   2  0.42380   6.917940   7.511270   6.457870
  178    60   1 -0.84760  11.379300  15.953500  11.787100
  179    60   2  0.42380  11.306200  16.871000  12.178000
  180    60   2  0.42380  12.340500  15.743000  11.608300
  181    61   1 -0.84760  17.714000  13.755600   4.697040
  182    61   2  0.42380  17.483500  14.063300   3.773890
  183    61   2  0.42380  18.211800  12.889900   4.645280
  184    62   1 -0.84760  13.746800  19.797800  11.675300
  185    62   2  0.42380  13.894100  19.041100  12.312100
  186    62   2  0.42380  13.062900  20.422400  12.052300
  187    63   1 -0.84760   8.423840  20.662800  13.231100
  188    63   2  0.42380   8.768930  19.751800  13.457100
  189    63   2  0.42380   7.844780  20.607500  12.417700
  190    64   1 -0.84760   8.088540  18.224300  24.707000
  191    64   2  0.42380   7.965710  19.215200  24.761400
  192    64   2  0.42380   8.265860  17.962000  23.758400
  193    65   1 -0.84760   6.200910  10.732800  13.967900
  194    65   2  0.42380   7.178510  10.838800  13.786100
  195    65   2  0.42380   5.896580  11.456800  14.587000
  196    66   1 -0.84760   7.620780  24.665300  24.585500
  197    66   2  0.42380   7.114280  23.848000  24.310700
  198    66   2  0.42380   8.600270  24.508700  24.458600
  199    67   1 -0.84760  10.335600  17.784600   4.778870
  200    67   2  0.42380   9.544990  17.613800   4.190880
  201    67   2  0.42380  10.920700  16.973800   4.794480
  202    68   1 -0.84760   7.357190   2.412940  23.741300
  203    68   2  0.42380   6.561410   2.868020  23.341800
  204    68   2  0.42380   7.169310   1.435350  23.836300
  205    69   1 -0.84760  20.198600  21.768200  21.226800
  206    69   2  0.42380  20.805300  21.667500  22.015300
  207    69   2  0.42380  19.525900  21.028300  21.227200
  208    70   1 -0.84760   2.103880  22.304600  20.031700
  209    70   2  0.42380   2.580800  22.016400  20.862100
  210    70   2  0.42380   1.264450  21.771200  19.927400
  211    71   1 -0.84760   7.014170  22.865400  18.345000
  212    71   2  0.42380   6.129210  22.617700  18.739400
  213    71   2  0.42380   7.739140  22.674500  19.006800
  214    72   1 -0.84760  19.600700  11.342100   4.992720
  215    72   2  0.42380  20.273800  10.631700   5.198340
  216    72   2  0.42380  18.921000  10.982300   4.353470
  217    73   1 -0.84760  21.551700   8.636080  20.017700
  218    73   2  0.42380  21.893400   9.311980  19.364700
  219    73   2  0.42380  21.816300   8.904140  20.944100
  220    74   1 -0.84760   5.573390  15.994600  16.316200
  221    74   2  0.42380   5.470520  16.989300  16.305400
  222    74   2  0.42380   6.017880  15.714700  17.167100
  223    75   1 -0.84760   8.151830   4.338060  20.646200
  224    75   2  0.42380   8.850790   5.048260  20.730300
  225    75   2  0.42380   8.547460   3.451150  20.884600
  226    76   1 -0.84760   3.548390  12.840200   3.897360
  227    76   2  0.42380   2.850590  12.515800   3.258700
  228    76   2  0.42380   3.106380  13.206400   4.716210
  229    77   1 -0.84760  22.154600   7.294480  16.110100
  230    77   2  0.42380  22.665400   7.476210  16.950400
  231    77   2  0.42380  21.278800   7.776110  16.141600
  232    78   1 -0.84760   1.402850   5.121890  19.179900
  233    78   2  0.42380   2.198670   4.568450  18.934200
  234    78   2  0.42380   0.720763   5.067070  18.450700
  235    79   1 -0.84760  14.096200   6.734970   2.095130
  236    79   2  0.42380  13.396200   6.445000   1.442530
  237    79   2  0.42380  14.222200   6.023800   2.786790
  238    80   1 -0.84760  24.238600   8.200230   8.417660
  239    80   2  0.42380  23.651300   7.922030   7.657600
  240    80   2  0.42380  25.136861   8.463360   8.065780
  241    81   1 -0.84760   7.046420   7.828740  15.374800
  242    81   2  0.42380   7.001650   7.866770  16.373000
  243    81   2  0.42380   6.433550   8.517320  14.987100
  244    82   1 -0.84760   9.130120   3.054970   9.019050
  245    82   2  0.42380   9.331090   2.918860   9.989150
  246    82   2  0.42380   9.124200   2.170440   8.552590
  247    83   1 -0.84760  22.438300   3.382710  10.170800
  248    83   2  0.42380  22.078400   4.314120  10.116300
  249    83   2  0.42380  21.747000   2.781150  10.571100
  250    84   1 -0.84760  20.121700   9.250020  10.298700
  251    84   2  0.42380  19.174900   9.523030  10.128100
  252    84   2  0.42380  20.715000   9.650220   9.600240
  253    85   1 -0.84760  24.364200   6.838700  20.770000
  254    85   2  0.42380  23.960400   6.107930  21.320300
  255    85   2  0.42380  25.340961   6.662700  20.647300
  256    86   1 -0.84760  23.600300  16.218900  23.743400
  257    86   2  0.42380  23.290000  17.159500  23.605800
  258    86   2  0.42380  22.943300  15.732000  24.318900
  259    87   1 -0.84760  23.170900   7.039280   6.170120
  260    87   2  0.42380  22.181400   7.037610   6.025720
  261    87   2  0.42380  23.504300   6.097120   6.204980
  262    88   1 -0.84760  16.481700  15.211300  22.153400
  263    88   2  0.42380  15.960600  15.660600  21.427700
  264    88   2  0.42380  15.871300  14.629300  22.690600
  265    89   1 -0.84760  22.411100  15.099600   6.584350
  266    89   2  0.42380  23.064200  15.764900   6.946040
  267    89   2  0.42380  21.576800  15.572100   6.300310
  268    90   1 -0.84760   2.757140   6.060830  22.681900
  269    90   2  0.42380   2.137050   6.499470  23.332400
  270    90   2  0.42380   3.630890   6.547150  22.674500
  271    91   1 -0.84760  17.054700  17.968900  16.326200
  272    91   2  0.42380  17.225500  18.381000  15.431300
  273    91   2  0.42380  16.431700  17.193500  16.222700
  274    92   1 -0.84760  12.025200   0.274105   5.833510
  275    92   2  0.42380  11.306300   0.055323   5.173730
  276    92   2  0.42380  11.820800   1.149680   6.271180
  277    93   1 -0.84760   9.240540  18.150100   7.341590
  278    93   2  0.42380   8.975950  17.246900   7.679640
  279    93   2  0.42380   9.670380  18.057100   6.443490
  280    94   1 -0.84760  24.595600  13.116100  14.530200
  281    94   2  0.42380  25.042356  13.157500  13.636500
  282    94   2  0.42380  24.399600  12.163100  14.761200
  283    95   1 -0.84760   6.575160   7.050570   0.160324
  284    95   2  0.42380   7.022610   7.865710   0.528196
  285    95   2  0.42380   7.104010   6.239120   0.409044
  286    96   1 -0.84760   4.245740  20.634400  10.568600
  287    96   2  0.42380   3.985440  20.706100  11.531500
  288    96   2  0.42380   3.648700  21.217500  10.017600
  289    97   1 -0.84760   3.599780  22.353500  15.689300
  290    97   2  0.42380   2.901430  22.807400  16.242700
  291    97   2  0.42380   4.010720  21.609300  16.215900
  292    98   1 -0.84760  17.586100  16.233100   8.158720
  293    98   2  0.42380  18.456700  15.753500   8.049180
  294    98   2  0.42380  17.517000  16.589800   9.090400
  295    99   1 -0.84760  23.763900  23.041600  21.563200
  296    99   2  0.42380  23.236800  23.846800  21.291500
  297    99   2  0.42380  23.897900  22.447700  20.770000
  298   100   1 -0.84760  19.010200   9.495780  22.840100
  299   100   2  0.42380  18.131600   9.893700  22.576200
  300   100   2  0.42380  19.576900  10.196600  23.273300
  301   101   1 -0.84760  10.285800  13.126400  12.930300
  302   101   2  0.42380  11.127100  12.587200  12.892100
  303   101   2  0.42380  10.479200  14.066200  12.648600
  304   102   1 -0.84760  23.229500  14.423300  11.677400
  305   102   2  0.42380  24.213800  14.344400  11.519700
  306   102   2  0.42380  22.769400  13.607200  11.327800
  307   103   1 -0.84760   6.867970  21.294500   1.525510
  308   103   2  0.42380   6.509790  22.175400   1.834930
  309   103   2  0.42380   7.866750  21.305200   1.573730
  310   104   1 -0.84760   0.888765   4.404690  10.755500
  311   104   2  0.42380   1.411620   4.750120  11.534800
  312   104   2  0.42380   0.302840   5.132150  10.398500
  313   105   1 -0.84760  13.739200   2.534310  17.925600
  314   105   2  0.42380  13.533300   3.020530  17.076400
  315   105   2  0.42380  14.612500   2.056030  17.832600
  316   106   1 -0.84760  21.037100   6.231160  10.146800
  317   106   2  0.42380  21.983500   6.306550  10.461100
  318   106   2  0.42380  20.790600   7.051890   9.631420
  319   107   1 -0.84760  14.672200  16.141800   6.542140
  320   107   2  0.42380  14.545500  16.507000   7.464400
  321   107   2  0.42380  14.507500  16.865200   5.871650
  322   108   1 -0.84760  19.459000  17.563300   3.510620
  323   108   2  0.42380  18.841200  17.443700   4.287760
  324   108   2  0.42380  19.127800  18.309500   2.933200
  325   109   1 -0.84760  23.254400  10.577400   9.780600
  326   109   2  0.42380  23.660800   9.773340   9.346720
  327   109   2  0.42380  23.204400  11.324400   9.117620
  328   110   1 -0.84760  24.205500   2.199370  20.080000
  329   110   2  0.42380  24.935819   1.518670  20.023200
  330   110   2  0.42380  24.095300   2.644980  19.191600
  331   111   1 -0.84760  20.789900  21.201000  18.094600
  332   111   2  0.42380  21.665000  21.265900  17.615100
  333   111   2  0.42380  20.823400  21.755500  18.926100
  334   112   1 -0.84760   2.908530   1.572020  21.783500
  335   112   2  0.42380   2.470270   2.470090  21.746100
  336   112   2  0.42380   3.205110   1.384610  22.719900
  337   113   1 -0.84760  20.950800  12.446100  15.075800
  338   113   2  0.42380  21.460400  13.275300  15.305200
  339   113   2  0.42380  21.043400  12.257800  14.098000
  340   114   1 -0.84760   2.371690  18.183200  22.775700
  341   114   2  0.42380   1.820330  18.226200  21.942500
  342   114   2  0.42380   2.084730  17.398400  23.325100
  343   115   1 -0.84760   4.159030  12.704600  14.439000
  344   115   2  0.42380   4.522300  13.098700  13.594800
  345   115   2  0.42380   3.639260  13.400200  14.934900
  346   116   1 -0.84760   8.747020  17.637200   2.448350
  347   116   2  0.42380   7.926670  17.899000   2.956790
  348   116   2  0.42380   8.617360  17.842000   1.478170
  349   117   1 -0.84760   8.592850  15.109600  23.980900
  350   117   2  0.42380   7.715920  14.640000  24.083200
  351   117   2  0.42380   8.529010  15.776900  23.238800
  352   118   1 -0.84760  11.431600   2.599560   7.416330
  353   118   2  0.42380  10.717500   3.260420   7.647240
  354   118   2  0.42380  11.530400   1.941280   8.162580
  355   119   1 -0.84760  24.126400   0.426054   7.223540
  356   119   2  0.42380  23.996100  -0.291100   7.908180
  357   119   2  0.42380  25.103753   0.547751   7.050210
  358   120   1 -0.84760   2.401990  22.509000   1.615460
  359   120   2  0.42380   2.373480  21.797600   0.913240
  360   120   2  0.42380   2.197660  23.395500   1.200330
  361   121   1 -0.84760  11.349000  15.477600  24.462700
  362   121   2  0.42380  10.364400  15.459700  24.636400
  363   121   2  0.42380  11.572300  16.266900  23.890800
  364   122   1 -0.84760   8.725700  10.836500  13.672500
  365   122   2  0.42380   8.789350  11.680300  13.139600
  366   122   2  0.42380   9.296630  10.914600  14.489800
  367   123   1 -0.84760   6.180380   0.559940  17.363100
  368   123   2  0.42380   5.417030   0.742391  17.982800
  369   123   2  0.42380   6.529970  -0.362400  17.527500
  370   124   1 -0.84760  21.733100   9.570260   5.071990
  371   124   2  0.42380  22.728400   9.549210   4.977090
  372   124   2  0.42380  21.316300   9.046740   4.328890
  373   125   1 -0.84760  18.954900  18.476300  20.483500
  374   125   2  0.42380  18.178600  18.370800  19.862100
  375   125   2  0.42380  18.629100  18.464400  21.428900
  376   126   1 -0.84760  23.388000   2.445010  23.807900
  377   126   2  0.42380  24.386000   2.407560  23.858400
  378   126   2  0.42380  23.029500   2.895500  24.625500
  379   127   1 -0.84760   9.487960  21.388300   1.965040
  380   127   2  0.42380  10.384400  21.812000   1.835530
  381   127   2  0.42380   9.418020  21.034800   2.897830
  382   128   1 -0.84760  24.681600  22.846300  24.175100
  383   128   2  0.42380  24.408600  22.828500  23.213200
  384   128   2  0.42380  25.670849  22.977700  24.238400
  385   129   1 -0.84760  23.949400   3.307510   7.725000
  386   129   2  0.42380  24.131100   2.324470   7.700100
  387   129   2  0.42380  23.614300   3.561660   8.632270
  388   130   1 -0.84760  19.442800   5.038920  17.513200
  389   130   2  0.42380  20.442300   5.008720  17.519500
  390   130   2  0.42380  19.083200   4.289780  18.069600
  391   131   1 -0.84760  19.593000  17.431000  16.201100
  392   131   2  0.42380  18.634000  17.699300  16.293100
  393   131   2  0.42380  20.158800  18.009500  16.788600
  394   132   1 -0.84760  10.643500  22.283500   5.328030
  395   132   2  0.42380   9.920270  21.618700   5.141120
  396   132   2  0.42380  10.667100  22.964800   4.596400
  397   133   1 -0.84760   4.479890   0.616516   3.515860
  398   133   2  0.42380   4.585810   1.533810   3.131990
  399   133   2  0.42380   4.718230   0.632001   4.486920
  400   134   1 -0.84760  23.452300   3.188880   3.466370
  401   134   2  0.42380  22.836000   3.111850   2.682670
  402   134   2  0.42380  24.396500   3.063920   3.161440
  403   135   1 -0.84760   6.325880   6.613290   3.880940
  404   135   2  0.42380   5.866050   7.500390   3.921020
  405   135   2  0.42380   7.257800   6.704750   4.231900
  406   136   1 -0.84760  19.410300   0.264037   1.453070
  407   136   2  0.42380  18.922500   0.020648   2.291430
  408   136   2  0.42380  20.372500   0.006086   1.540430
  409   137   1 -0.84760  18.255000  12.296900  24.151600
  410   137   2  0.42380  18.703800  12.772700  23.395100
  411   137   2  0.42380  17.613100  11.622300  23.787100
  412   138   1 -0.84760  19.615300   5.155980   2.589170
  413   138   2  0.42380  19.571500   4.342980   2.008550
  414   138   2  0.42380  20.356500   5.749730   2.275860
  415   139   1 -0.84760  17.965200  22.662200  15.244100
  416   139   2  0.42380  18.548700  22.435500  14.464300
  417   139   2  0.42380  17.158900  22.070700  15.240300
  418   140   1 -0.84760  23.084300  10.460600  15.274200
  419   140   2  0.42380  23.044800   9.813500  14.512800
  420   140   2  0.42380  22.285300  11.061100  15.243100
  421   141   1 -0.84760  19.957400  22.542400  13.175300
  422   141   2  0.42380  20.801200  22.585300  13.710200
  423   141   2  0.42380  20.090900  23.014000  12.303600
  424   142   1 -0.84760   4.371350   1.590540  12.699100
  425   142   2  0.42380   3.417810   1.665840  12.407500
  426   142   2  0.42380   4.438320   0.938842  13.454700
  427   143   1 -0.84760   9.879100  24.552300  15.623700
  428   143   2  0.42380   9.452350  24.285800  14.759500
  429   143   2  0.42380   9.407350  25.351682  15.995800
  430   144   1 -0.84760   7.664170  13.229800  18.112700
  431   144   2  0.42380   8.184130  13.001300  18.935700
  432   144   2  0.42380   7.537590  14.220500  18.062700
  433   145   1 -0.84760  24.343800  15.859300  14.432200
  434   145   2  0.42380  24.253600  14.871100  14.308200
  435   145   2  0.42380  23.985800  16.330500  13.626100
  436   146   1 -0.84760  18.494400   8.624350   1.176010
  437   146   2  0.42380  17.844600   7.889960   0.979929
  438   146   2  0.42380  18.934200   8.915820   0.326558
  439   147   1 -0.84760   3.427190  21.099600  13.191000
  440   147   2  0.42380   3.354580  21.541400  14.085200
  441   147   2  0.42380   2.914570  20.241000  13.200900
  442   148   1 -0.84760  24.011800   6.330070  10.320900
  443   148   2  0.42380  24.020700   6.938580   9.527360
  444   148   2  0.42380  24.504000   6.761200  11.077100
  445   149   1 -0.84760   6.503350  10.907700  18.964500
  446   149   2  0.42380   5.597870  11.145100  19.316200
  447   149   2  0.42380   6.867270  11.674700  18.436000
  448   150   1 -0.84760  20.577100   7.791220  12.883600
  449   150   2  0.42380  20.490900   8.162900  11.959200
  450   150   2  0.42380  19.704300   7.392850  13.165400
  451   151   1 -0.84760  22.860600  21.167500  16.325500
  452   151   2  0.42380  22.772700  21.998800  15.776700
  453   151   2  0.42380  22.683700  20.368500  15.750900
  454   152   1 -0.84760  16.532400  19.460500   8.701070
  455   152   2  0.42380  16.617100  18.657700   9.291360
  456   152   2  0.42380  17.160800  19.373600   7.928090
  457   153   1 -0.84760  15.893400  20.847600  15.153300
  458   153   2  0.42380  15.683100  20.101000  15.784500
  459   153   2  0.42380  15.061200  21.369100  14.964900
  460   154   1 -0.84760  21.774300   1.702390  16.362100
  461   154   2  0.42380  21.118000   2.129590  15.740200
  462   154   2  0.42380  21.364600   0.886328  16.769800
  463   155   1 -0.84760  12.090200   3.400580  11.860800
  464   155   2  0.42380  11.096000   3.371290  11.964300
  465   155   2  0.42380  12.340600   4.160650  11.261100
  466   156   1 -0.84760  22.259000   0.702305  21.171200
  467   156   2  0.42380  22.949400   1.282330  20.738800
  468   156   2  0.42380  22.285400   0.834823  22.162000
  469   157   1 -0.84760  21.764400  11.972300  11.701300
  470   157   2  0.42380  21.394100  12.491800  10.931300
  471   157   2  0.42380  22.332700  11.225100  11.356800
  472   158   1 -0.84760  16.871200   0.285200  14.817300
  473   158   2  0.42380  17.426900  -0.465400  15.174800
  474   158   2  0.42380  16.348600  -0.034200  14.026800
  475   159   1 -0.84760   4.939170   0.391074   6.188860
  476   159   2  0.42380   5.105670   1.201020   6.751230
  477   159   2  0.42380   4.132560  -0.091600   6.530090
  478   160   1 -0.84760   9.114670  20.177400   4.595560
  479   160   2  0.42380   9.740410  19.398800   4.643510
  480   160   2  0.42380   8.171250  19.850800   4.653090
  481   161   1 -0.84760  21.629000  11.294300  24.004500
  482   161   2  0.42380  22.624100  11.364100  23.933200
  483   161   2  0.42380  21.208800  11.663500  23.175500
  484   162   1 -0.84760   3.724000  15.209000  19.201000
  485   162   2  0.42380   4.529510  15.632700  19.615200
  486   162   2  0.42380   3.281770  14.610200  19.868800
  487   163   1 -0.84760   9.551940  13.990600   5.060370
  488   163   2  0.42380   9.520880  13.089700   4.627430
  489   163   2  0.42380   9.119080  14.663700   4.460720
  490   164   1 -0.84760  15.446800  20.598900   5.365140
  491   164   2  0.42380  14.741900  20.793900   6.047050
  492   164   2  0.42380  15.536200  21.378800   4.745670
  493   165   1 -0.84760  21.832800  23.961800   2.221260
  494   165   2  0.42380  21.760400  23.800200   3.205450
  495   165   2  0.42380  22.742700  24.317800   2.008050
  496   166   1 -0.84760  12.856400  12.243900  22.541200
  497   166   2  0.42380  12.847100  11.267000  22.327700
  498   166   2  0.42380  13.693100  12.468000  23.040900
  499   167   1 -0.84760   4.043690   3.446900  10.423200
  500   167   2  0.42380   4.370680   3.208050  11.337500
  501   167   2  0.42380   3.136580   3.051230  10.279700
  502   168   1 -0.84760  15.693000   1.315300  24.201700
  503   168   2  0.42380  15.505900   1.251350  23.221400
  504   168   2  0.42380  16.368100   0.623603  24.458000
  505   169   1 -0.84760  23.179000  19.146600   6.329590
  506   169   2  0.42380  22.623300  19.800900   6.842560
  507   169   2  0.42380  24.020600  19.591700   6.023670
  508   170   1 -0.84760   9.187440  17.532400  22.228400
  509   170   2  0.42380   9.993780  17.714900  21.665800
  510   170   2  0.42380   8.374470  17.896100  21.773600
  511   171   1 -0.84760  18.215700  20.952900  24.391900
  512   171   2  0.42380  19.104700  20.513300  24.520000
  513   171   2  0.42380  17.547100  20.539000  25.009748
  514   172   1 -0.84760  19.377300  12.897000   7.370200
  515   172   2  0.42380  18.497800  12.676400   7.791940
  516   172   2  0.42380  19.440700  12.449700   6.478060
  517   173   1 -0.84760   2.470670  22.531200   9.708390
  518   173   2  0.42380   1.686960  22.389600   9.103620
  519   173   2  0.42380   2.147130  22.795700  10.616900
  520   174   1 -0.84760  13.775700  22.528800  23.005900
  521   174   2  0.42380  14.457300  22.206400  22.349100
  522   174   2  0.42380  13.402800  23.403700  22.697000
  523   175   1 -0.84760  23.338900   3.986730  12.775300
  524   175   2  0.42380  23.146500   3.954860  11.794500
  525   175   2  0.42380  22.590100   4.452530  13.246800
  526   176   1 -0.84760  11.846200  21.223700  13.127300
  527   176   2  0.42380  11.354400  20.353000  13.120700
  528   176   2  0.42380  11.319900  21.907700  12.622300
  529   177   1 -0.84760   9.527470  21.767700  22.878000
  530   177   2  0.42380   9.483580  20.978900  22.264900
  531   177   2  0.42380  10.371600  21.727800  23.412600
  532   178   1 -0.84760  14.349900  16.433000  20.352800
  533   178   2  0.42380  13.606400  15.799500  20.566600
  534   178   2  0.42380  14.912800  16.051200  19.619700
  535   179   1 -0.84760  15.184400   9.032820   7.955760
  536   179   2  0.42380  15.751700   8.257780   7.677490
  537   179   2  0.42380  14.997800   9.611380   7.161750
  538   180   1 -0.84760   6.762610   8.334510  17.988100
  539   180   2  0.42380   6.521390   8.007300  18.901700
  540   180   2  0.42380   6.846180   9.330910  18.002200
  541   181   1 -0.84760  18.932900  22.065600   7.152980
  542   181   2  0.42380  18.913600  21.065900   7.171140
  543   181   2  0.42380  17.997200  22.417600   7.177280
  544   182   1 -0.84760  11.976400  12.699000   9.995100
  545   182   2  0.42380  12.553600  12.535200  10.795100
  546   182   2  0.42380  11.823100  13.681600   9.890310
  547   183   1 -0.84760   6.411300   4.982640  18.558100
  548   183   2  0.42380   6.764850   4.487510  19.351800
  549   183   2  0.42380   6.125820   5.899460  18.837300
  550   184   1 -0.84760   7.894470   4.777000   0.478476
  551   184   2  0.42380   8.088530   4.252880   1.307720
  552   184   2  0.42380   7.757550   4.149510  -0.288000
  553   185   1 -0.84760   0.868737  20.497000  16.066600
  554   185   2  0.42380  -0.093800  20.642500  16.295400
  555   185   2  0.42380   1.408580  21.276000  16.385500
  556   186   1 -0.84760  19.727000   8.813520  16.250300
  557   186   2  0.42380  20.254700   9.553590  16.667200
  558   186   2  0.42380  19.352800   8.225880  16.967800
  559   187   1 -0.84760   8.559370   0.497226   7.812730
  560   187   2  0.42380   9.009970  -0.375600   7.625270
  561   187   2  0.42380   7.843920   0.362510   8.498270
  562   188   1 -0.84760   5.434690   2.440460   1.658860
  563   188   2  0.42380   6.428280   2.334090   1.620380
  564   188   2  0.42380   5.209810   3.327600   2.061860
  565   189   1 -0.84760  12.166800   6.504920  18.348300
  566   189   2  0.42380  12.579400   5.895860  17.670900
  567   189   2  0.42380  11.237100   6.738840  18.063700
  568   190   1 -0.84760  22.208600  11.125500   1.767180
  569   190   2  0.42380  22.037900  11.909600   2.363920
  570   190   2  0.42380  21.816100  11.302000   0.864526
  571   191   1 -0.84760   3.102700  10.916800   6.904790
  572   191   2  0.42380   3.507500  11.178800   7.780850
  573   191   2  0.42380   3.823550  10.830300   6.217120
  574   192   1 -0.84760  14.795500  18.044900   4.631930
  575   192   2  0.42380  14.883200  18.990400   4.945310
  576   192   2  0.42380  14.680000  18.032300   3.638700
  577   193   1 -0.84760  10.679600   9.589650  19.439700
  578   193   2  0.42380   9.803700   9.715110  19.905600
  579   193   2  0.42380  10.691800   8.697950  18.987300
  580   194   1 -0.84760   1.836760  22.847400  17.528100
  581   194   2  0.42380   1.723920  23.837100  17.616100
  582   194   2  0.42380   2.053670  22.455800  18.422300
  583   195   1 -0.84760  16.370400  13.289100  12.317300
  584   195   2  0.42380  16.991300  12.506800  12.367400
  585   195   2  0.42380  16.862100  14.121700  12.572400
  586   196   1 -0.84760   2.767840   4.717840  13.579000
  587   196   2  0.42380   2.073140   4.112880  13.968100
  588   196   2  0.42380   3.677080   4.388130  13.833200
  589   197   1 -0.84760  12.005700   4.841220   3.997950
  590   197   2  0.42380  12.612500   4.115290   3.674290
  591   197   2  0.42380  11.097700   4.461960   4.176000
  592   198   1 -0.84760  10.451400  16.216100  19.023600
  593   198   2  0.42380  10.821800  15.939800  18.136800
  594   198   2  0.42380   9.560500  16.650900  18.891800
  595   199   1 -0.84760  12.517000   9.169080  16.050200
  596   199   2  0.42380  12.777600   9.585700  16.921200
  597   199   2  0.42380  12.235500   8.222060  16.204800
  598   200   1 -0.84760  10.742600  24.698200  23.701400
  599   200   2  0.42380  11.476100  24.840576  23.036900
  600   200   2  0.42380  11.085200  24.887045  24.621700
  601   201   1 -0.84760  15.117600  11.361500   2.909230
  602   201   2  0.42380  14.409600  10.752200   2.552200
  603   201   2  0.42380  14.991900  12.277700   2.528690
  604   202   1 -0.84760   6.439430  18.775700  11.946600
  605   202   2  0.42380   5.631960  18.447600  12.436900
  606   202   2  0.42380   7.200280  18.144600  12.097500
  607   203   1 -0.84760   8.068400  21.136300  15.845100
  608   203   2  0.42380   8.192990  21.164100  14.853300
  609   203   2  0.42380   8.005320  22.069300  16.199400
  610   204   1 -0.84760  23.475600  15.661100   3.830380
  611   204   2  0.42380  22.987200  16.517600   3.997330
  612   204   2  0.42380  22.848600  14.891200   3.949320
  613   205   1 -0.84760   6.851490  19.933300   7.109750
  614   205   2  0.42380   7.788330  19.584100   7.089710
  615   205   2  0.42380   6.739540  20.628300   6.399490
  616   206   1 -0.84760  15.768900  23.458500  20.232300
  617   206   2  0.42380  16.104200  22.631800  20.684100
  618   206   2  0.42380  15.094400  23.208400  19.537600
  619   207   1 -0.84760  12.964900  21.082000   7.095890
  620   207   2  0.42380  13.055900  21.943000   7.596260
  621   207   2  0.42380  12.179300  21.136200   6.479530
  622   208   1 -0.84760   6.680990  13.108200  21.662700
  623   208   2  0.42380   6.837180  12.732400  22.576100
  624   208   2  0.42380   7.497590  12.971500  21.101900
  625   209   1 -0.84760  22.322300   5.305180  19.211000
  626   209   2  0.42380  23.108800   4.793580  18.865200
  627   209   2  0.42380  22.562700   6.272580  19.290600
  628   210   1 -0.84760  17.863700  24.233200  24.486700
  629   210   2  0.42380  18.423100  24.651000  25.202669
  630   210   2  0.42380  18.309300  23.400000  24.159300
  631   211   1 -0.84760   1.720470  18.689400  13.762900
  632   211   2  0.42380   1.034320  19.409400  13.866900
  633   211   2  0.42380   1.621670  18.025300  14.504000
  634   212   1 -0.84760  10.010400   6.646760  24.388900
  635   212   2  0.42380   9.651180   7.085180  23.565100
  636   212   2  0.42380   9.375860   5.935720  24.691800
  637   213   1 -0.84760  23.844700   8.197010  18.374500
  638   213   2  0.42380  24.566900   8.549450  17.779300
  639   213   2  0.42380  24.215800   8.035260  19.288900
  640   214   1 -0.84760  21.867700  20.997300   7.805430
  641   214   2  0.42380  21.570600  20.360500   8.516960
  642   214   2  0.42380  21.120600  21.625200   7.587020
  643   215   1 -0.84760  11.382000   6.958220  11.100900
  644   215   2  0.42380  10.879700   7.649370  11.620600
  645   215   2  0.42380  10.792600   6.587300  10.383200
  646   216   1 -0.84760   0.864815  21.926600   3.741040
  647   216   2  0.42380   1.626020  21.910600   3.092730
  648   216   2  0.42380   0.056992  22.314300   3.297080
  649   217   1 -0.84760  21.815100  15.231400   1.226130
  650   217   2  0.42380  22.708200  15.482500   1.599350
  651   217   2  0.42380  21.276200  14.771700   1.932010
  652   218   1 -0.84760   4.390210  24.517900   9.303620
  653   218   2  0.42380   3.856300  25.079412   8.671440
  654   218   2  0.42380   3.806820  23.802500   9.688150
  655   219   1 -0.84760   8.214360  24.401300  13.476600
  656   219   2  0.42380   7.642750  23.598200  13.308000
  657   219   2  0.42380   7.716040  25.226695  13.211300
  658   220   1 -0.84760  20.996200  17.194800   9.087410
  659   220   2  0.42380  21.934500  16.888300   9.247680
  660   220   2  0.42380  20.692800  16.882700   8.187100
  661   221   1 -0.84760   8.483670  12.426500  10.820500
  662   221   2  0.42380   9.303640  12.636600  11.352900
  663   221   2  0.42380   8.747010  12.167100   9.891320
  664   222   1 -0.84760  16.436800   6.827530   0.631414
  665   222   2  0.42380  15.514400   6.879510   1.014300
  666   222   2  0.42380  16.792100   5.899490   0.742966
  667   223   1 -0.84760  14.361900   3.500270   2.802440
  668   223   2  0.42380  14.259500   3.315100   1.825080
  669   223   2  0.42380  15.318300   3.375800   3.066810
  670   224   1 -0.84760   8.829350  13.604800  15.421700
  671   224   2  0.42380   8.658870  13.006500  16.204600
  672   224   2  0.42380   9.556430  13.215100  14.856500
  673   225   1 -0.84760   1.743380  12.137800   1.895320
  674   225   2  0.42380   1.249380  13.007100   1.909780
  675   225   2  0.42380   1.090280  11.382400   1.948300
  676   226   1 -0.84760   4.934630  23.127600  24.001800
  677   226   2  0.42380   4.822660  23.304500  24.979676
  678   226   2  0.42380   5.848100  22.757600  23.832500
  679   227   1 -0.84760  12.980000   4.652650  16.135600
  680   227   2  0.42380  12.267900   4.876650  15.470200
  681   227   2  0.42380  13.663900   5.382060  16.150100
  682   228   1 -0.84760  16.166700  11.849200  20.755700
  683   228   2  0.42380  15.341500  12.270400  20.379300
  684   228   2  0.42380  16.907400  11.911500  20.086800
  685   229   1 -0.84760  20.162900  16.127400  20.286800
  686   229   2  0.42380  19.853000  17.050600  20.514100
  687   229   2  0.42380  21.107700  16.163700  19.961200
  688   230   1 -0.84760  12.811400   0.000311  21.564500
  689   230   2  0.42380  13.752500   0.335524  21.520200
  690   230   2  0.42380  12.304800   0.322351  20.764700
  691   231   1 -0.84760   6.046750  22.687300   7.848800
  692   231   2  0.42380   5.713430  23.467800   8.377590
  693   231   2  0.42380   6.314260  21.952300   8.471940
  694   232   1 -0.84760  23.540700  13.026600   7.986660
  695   232   2  0.42380  24.106000  12.532000   7.326460
  696   232   2  0.42380  22.910300  13.630700   7.499200
  697   233   1 -0.84760   1.410420   6.717330  15.504500
  698   233   2  0.42380   1.368030   7.575480  16.016200
  699   233   2  0.42380   2.359640   6.407160  15.451900
  700   234   1 -0.84760   4.788410   5.679360   1.607720
  701   234   2  0.42380   5.387180   6.223980   1.020470
  702   234   2  0.42380   5.088400   5.762250   2.558050
  703   235   1 -0.84760   1.872620   6.500690   3.883540
  704   235   2  0.42380   2.510890   7.007290   4.463160
  705   235   2  0.42380   1.404800   5.806410   4.430460
  706   236   1 -0.84760  16.441400   3.620090   4.567980
  707   236   2  0.42380  17.080900   4.349090   4.812120
  708   236   2  0.42380  15.625800   3.685750   5.142910
  709   237   1 -0.84760   9.318370  18.077000  14.411100
  710   237   2  0.42380   9.487300  18.466300  15.316600
  711   237   2  0.42380   8.737430  17.267800  14.499300
  712   238   1 -0.84760  24.130500  21.422400  19.369800
  713   238   2  0.42380  23.923300  20.541400  19.795200
  714   238   2  0.42380  23.579300  21.531000  18.542600
  715   239   1 -0.84760   5.352790   8.369720   9.530770
  716   239   2  0.42380   4.555890   8.867940   9.189100
  717   239   2  0.42380   5.069260   7.464770   9.848040
  718   240   1 -0.84760   9.757490   7.181010  17.638100
  719   240   2  0.42380   8.839320   7.574470  17.591800
  720   240   2  0.42380  10.084200   6.987350  16.713000
  721   241   1 -0.84760   2.008850  10.626200  22.535900
  722   241   2  0.42380   2.070380  10.132800  23.403500
  723   241   2  0.42380   2.527140  10.135100  21.835700
  724   242   1 -0.84760   7.030560   0.075586  10.075500
  725   242   2  0.42380   6.117340   0.241722   9.703400
  726   242   2  0.42380   7.031800  -0.785600  10.583700
  727   243   1 -0.84760  20.011600   3.000590  22.912700
  728   243   2  0.42380  20.349100   2.141600  22.527700
  729   243   2  0.42380  19.927200   3.681510  22.185200
  730   244   1 -0.84760  11.561800  15.307300   9.161330
  731   244   2  0.42380  10.824200  15.131400   8.509430
  732   244   2  0.42380  11.235600  15.928300   9.874120
  733   245   1 -0.84760   6.635810  15.619700  18.772900
  734   245   2  0.42380   7.207320  16.423300  18.606800
  735   245   2  0.42380   6.190970  15.705500  19.664400
  736   246   1 -0.84760   9.220300  15.116100   7.401810
  737   246   2  0.42380   9.229310  14.622800   6.531990
  738   246   2  0.42380   8.280680  15.370000   7.631270
  739   247   1 -0.84760   2.032690  13.946700   5.808940
  740   247   2  0.42380   1.620880  14.802000   5.494510
  741   247   2  0.42380   1.314760  13.330100   6.132080
  742   248   1 -0.84760  13.607900   4.819680  22.240800
  743   248   2  0.42380  13.996200   4.595490  21.347000
  744   248   2  0.42380  13.010100   4.076170  22.540500
  745   249   1 -0.84760   2.019320   9.579020   0.079181
  746   249   2  0.42380   2.600170   9.217280   0.808397
  747   249   2  0.42380   1.219190  10.024800   0.480555
  748   250   1 -0.84760  17.726700   2.836040  14.244100
  749   250   2  0.42380  17.688700   1.848250  14.395200
  750   250   2  0.42380  16.954700   3.115920  13.673400
  751   251   1 -0.84760  11.157700   0.839723   9.330770
  752   251   2  0.42380  10.794000  -0.035400   9.011510
  753   251   2  0.42380  11.727900   0.689068  10.138300
  754   252   1 -0.84760  11.411100  13.245400   1.850070
  755   252   2  0.42380  11.695000  13.879000   1.130420
  756   252   2  0.42380  12.134700  13.174900   2.536650
  757   253   1 -0.84760  18.929600  14.026700  21.556700
  758   253   2  0.42380  17.957600  14.204200  21.711000
  759   253   2  0.42380  19.388500  14.879300  21.306600
  760   254   1 -0.84760   7.938260  12.739000   1.430820
  761   254   2  0.42380   8.743580  12.513200   0.882677
  762   254   2  0.42380   7.166380  12.932400   0.825177
  763   255   1 -0.84760   9.540250   8.566590  12.882000
  764   255   2  0.42380   8.796690   8.376520  12.240900
  765   255   2  0.42380   9.373270   9.441730  13.336100
  766   256   1 -0.84760  20.670000   8.893270   2.671790
  767   256   2  0.42380  19.784800   8.794020   2.217260
  768   256   2  0.42380  21.163400   9.667380   2.275180
  769   257   1 -0.84760   5.946940  14.073600   0.135059
  770   257   2  0.42380   5.130880  13.508300   0.014839
  771   257   2  0.42380   5.678440  14.983600   0.451117
  772   258   1 -0.84760   4.639370   8.187170  23.175600
  773   258   2  0.42380   4.570100   9.031600  23.706800
  774   258   2  0.42380   5.376420   7.620880  23.544500
  775   259   1 -0.84760   9.665050   9.120610   8.777040
  776   259   2  0.42380  10.652100   9.037910   8.639660
  777   259   2  0.42380   9.362280  10.027000   8.482340
  778   260   1 -0.84760   7.745630   0.276123   4.136250
  779   260   2  0.42380   7.657510  -0.597500   4.614800
  780   260   2  0.42380   7.581620   1.025560   4.777690
  781   261   1 -0.84760  20.000300   4.208370   7.309140
  782   261   2  0.42380  20.486000   5.080600   7.366630
  783   261   2  0.42380  19.375500   4.122970   8.085260
  784   262   1 -0.84760  23.961600  18.405300   2.074150
  785   262   2  0.42380  23.953600  19.313000   1.654560
  786   262   2  0.42380  23.088700  18.243000   2.534090
  787   263   1 -0.84760  18.488700   5.202470   5.116310
  788   263   2  0.42380  18.943800   4.525630   5.694900
  789   263   2  0.42380  18.803700   5.100130   4.172750
  790   264   1 -0.84760  15.892400  11.814500   8.523150
  791   264   2  0.42380  15.474600  12.698600   8.313850
  792   264   2  0.42380  15.215400  11.088800   8.401380
  793   265   1 -0.84760  16.749300  20.925100  11.098300
  794   265   2  0.42380  17.144000  20.622600  10.230700
  795   265   2  0.42380  15.791100  20.642800  11.144900
  796   266   1 -0.84760  19.055600   6.817120  22.920400
  797   266   2  0.42380  18.248100   6.329640  22.588200
  798   266   2  0.42380  18.934900   7.799230  22.775800
  799   267   1 -0.84760   3.539540   8.253820   2.110730
  800   267   2  0.42380   3.326940   7.277940   2.061210
  801   267   2  0.42380   3.532890   8.548340   3.066350
  802   268   1 -0.84760   2.357660  23.840900  23.830600
  803   268   2  0.42380   3.159910  23.381300  23.449700
  804   268   2  0.42380   2.617990  24.749400  24.157700
  805   269   1 -0.84760  16.497400  20.487000   1.668290
  806   269   2  0.42380  15.797300  19.843500   1.977710
  807   269   2  0.42380  16.057600  21.302800   1.292750
  808   270   1 -0.84760  19.936200  22.090400   4.660580
  809   270   2  0.42380  20.785000  22.617300   4.617610
  810   270   2  0.42380  19.611000  22.058800   5.605700
  811   271   1 -0.84760   0.867675  20.260200   6.086410
  812   271   2  0.42380   1.106100  20.839200   5.306690
  813   271   2  0.42380   1.538890  19.524000   6.172460
  814   272   1 -0.84760  21.045300  21.665600   1.167720
  815   272   2  0.42380  20.572600  21.026800   1.774770
  816   272   2  0.42380  20.992000  22.588700   1.548540
  817   273   1 -0.84760   2.312090   0.890739   1.807890
  818   273   2  0.42380   3.076550   0.817441   2.448380
  819   273   2  0.42380   1.767980   1.699950   2.029510
  820   274   1 -0.84760  24.575300   9.265600   5.217460
  821   274   2  0.42380  25.124109   9.102930   4.397510
  822   274   2  0.42380  24.152400   8.408250   5.511030
  823   275   1 -0.84760   5.023790  17.743100   7.417520
  824   275   2  0.42380   5.364470  18.653900   7.184010
  825   275   2  0.42380   5.721380  17.249300   7.936650
  826   276   1 -0.84760  18.939900   2.961420  19.162000
  827   276   2  0.42380  18.720900   1.994780  19.294800
  828   276   2  0.42380  19.448200   3.299860  19.954000
  829   277   1 -0.84760   2.248130  13.278100  22.720900
  830   277   2  0.42380   2.145220  12.294600  22.571700
  831   277   2  0.42380   2.097630  13.763400  21.859600
  832   278   1 -0.84760   4.024660   8.297980   4.911780
  833   278   2  0.42380   4.362300   7.791850   5.705400
  834   278   2  0.42380   4.382960   9.231310   4.934590
  835   279   1 -0.84760  19.605300   2.866180   0.702635
  836   279   2  0.42380  19.532600   1.926880   1.037970
  837   279   2  0.42380  19.670100   2.859770  -0.295200
  838   280   1 -0.84760  22.296400  23.428400   4.920530
  839   280   2  0.42380  22.438200  24.404500   5.085160
  840   280   2  0.42380  23.128100  22.926200   5.156990
  841   281   1 -0.84760  17.384500  17.030800   5.356890
  842   281   2  0.42380  17.206900  16.596900   6.240180
  843   281   2  0.42380  16.516500  17.279200   4.926970
  844   282   1 -0.84760  20.697100   1.805740  11.588700
  845   282   2  0.42380  19.749100   1.503780  11.488100
  846   282   2  0.42380  20.835700   2.167380  12.510600
  847   283   1 -0.84760   4.348940  21.903000   5.946010
  848   283   2  0.42380   4.904670  22.060800   6.762260
  849   283   2  0.42380   3.574170  22.535300   5.942950
  850   284   1 -0.84760   7.706460   7.860240  10.883400
  851   284   2  0.42380   6.874190   8.228590  10.469100
  852   284   2  0.42380   8.504280   8.191260  10.379500
  853   285   1 -0.84760  12.585200  17.571900  15.566200
  854   285   2  0.42380  11.796400  16.986800  15.754400
  855   285   2  0.42380  12.359500  18.519100  15.794000
  856   286   1 -0.84760  14.778500  10.862800   5.943790
  857   286   2  0.42380  15.108500  11.740400   6.291470
  858   286   2  0.42380  15.031200  10.769400   4.980750
  859   287   1 -0.84760  14.105300   3.716060   6.189930
  860   287   2  0.42380  13.555200   3.129310   6.784210
  861   287   2  0.42380  13.521500   4.115340   5.482960
  862   288   1 -0.84760   6.359460  12.281500   7.219760
  863   288   2  0.42380   6.120900  11.662900   6.471180
  864   288   2  0.42380   5.770360  13.088800   7.185570
  865   289   1 -0.84760   0.932142   3.297470  24.316500
  866   289   2  0.42380   1.342570   3.761810  25.101306
  867   289   2  0.42380   1.330900   3.654720  23.471900
  868   290   1 -0.84760   2.181270  23.558500   5.817970
  869   290   2  0.42380   1.807730  24.421500   6.158130
  870   290   2  0.42380   1.709960  23.300700   4.974520
  871   291   1 -0.84760   1.707990   0.213481  19.879000
  872   291   2  0.42380   2.006890  -0.721500  20.070000
  873   291   2  0.42380   2.040790   0.823296  20.598300
  874   292   1 -0.84760  18.062100   0.380209  19.457600
  875   292   2  0.42380  18.897800  -0.167400  19.499900
  876   292   2  0.42380  17.268300  -0.211600  19.598100
  877   293   1 -0.84760  22.129800   3.913470   0.923893
  878   293   2  0.42380  22.116300   4.740670   1.485640
  879   293   2  0.42380  21.192600   3.652410   0.692427
  880   294   1 -0.84760  20.667300  19.667800   9.896650
  881   294   2  0.42380  20.667200  18.732500   9.542560
  882   294   2  0.42380  20.854200  19.652300  10.878900
  883   295   1 -0.84760  11.870700  17.487600   1.677960
  884   295   2  0.42380  11.771400  17.821100   0.740431
  885   295   2  0.42380  10.966300  17.311900   2.066750
  886   296   1 -0.84760  24.572900   2.637340  16.546300
  887   296   2  0.42380  24.451700   3.597850  16.796800
  888   296   2  0.42380  23.677900   2.199060  16.463300
  889   297   1 -0.84760   5.229200  10.742200   4.979340
  890   297   2  0.42380   6.128240  10.410600   4.693350
  891   297   2  0.42380   4.858680  11.349200   4.276310
  892   298   1 -0.84760   2.238230  10.784400  14.784700
  893   298   2  0.42380   1.629060  10.813900  13.992200
  894   298   2  0.42380   2.937120  11.493900  14.694400
  895   299   1 -0.84760  12.248700   2.725490  22.573600
  896   299   2  0.42380  11.257000   2.810070  22.476500
  897   299   2  0.42380  12.596200   2.079510  21.894000
  898   300   1 -0.84760  24.403700   5.328860  16.925800
  899   300   2  0.42380  25.045116   5.896600  16.409800
  900   300   2  0.42380  23.512400   5.780910  16.961300
  901   301   1 -0.84760   6.127870  19.209700  15.981000
  902   301   2  0.42380   5.764240  19.164300  15.050500
  903   301   2  0.42380   6.838500  19.911800  16.027200
  904   302   1 -0.84760  10.215000  10.693200  16.019600
  905   302   2  0.42380  10.874200   9.943260  15.965200
  906   302   2  0.42380  10.425800  11.265500  16.812100
  907   303   1 -0.84760   9.451250  13.585600  20.196300
  908   303   2  0.42380   9.684610  14.531000  19.969100
  909   303   2  0.42380   9.795090  13.367700  21.109700
  910   304   1 -0.84760   7.961940   2.362710   6.014130
  911   304   2  0.42380   7.956660   3.206740   6.550400
  912   304   2  0.42380   8.146210   1.586150   6.616620
  913   305   1 -0.84760  12.220200   0.004413   1.242150
  914   305   2  0.42380  12.741000  -0.562700   1.880230
  915   305   2  0.42380  12.663200   0.896282   1.150900
  916   306   1 -0.84760  11.834200  20.951700  17.886000
  917   306   2  0.42380  12.793300  21.129400  18.106300
  918   306   2  0.42380  11.314900  21.804200  17.946200
  919   307   1 -0.84760  15.352900  13.875800   1.813360
  920   307   2  0.42380  14.719900  14.480500   2.296720
  921   307   2  0.42380  16.079700  14.420200   1.394540
  922   308   1 -0.84760  11.577200  18.112700  20.639200
  923   308   2  0.42380  12.547700  17.871700  20.638000
  924   308   2  0.42380  11.104800  17.596900  19.924500
  925   309   1 -0.84760  22.013800  17.869700   4.181670
  926   309   2  0.42380  21.078100  18.025000   3.864940
  927   309   2  0.42380  22.225500  18.508300   4.921530
  928   310   1 -0.84760   3.504870  21.294800  22.118300
  929   310   2  0.42380   3.238220  20.505200  22.671000
  930   310   2  0.42380   4.074880  21.907500  22.665700
  931   311   1 -0.84760  10.335100   4.431040  14.623400
  932   311   2  0.42380  10.179600   4.263820  13.649800
  933   311   2  0.42380   9.658580   3.927080  15.160300
  934   312   1 -0.84760  12.185600  10.187900   8.884330
  935   312   2  0.42380  12.060000  11.126500   9.205770
  936   312   2  0.42380  12.445900   9.604230   9.653460
  937   313   1 -0.84760  19.301400  16.344100   1.069240
  938   313   2  0.42380  19.224200  16.490200   2.055500
  939   313   2  0.42380  20.143400  15.842200   0.871493
  940   314   1 -0.84760   5.415980  15.959900   4.277980
  941   314   2  0.42380   4.656000  15.686500   3.688300
  942   314   2  0.42380   6.277160  15.860200   3.779540
  943   315   1 -0.84760  13.669700  10.399000  18.173100
  944   315   2  0.42380  14.554200  10.255100  17.729200
  945   315   2  0.42380  13.688500  11.259400  18.682400
  946   316   1 -0.84760  16.939300   4.031230   0.792556
  947   316   2  0.42380  16.334500   3.355850   0.370683
  948   316   2  0.42380  17.792800   3.588570   1.067580
  949   317   1 -0.84760  19.600100   7.414620  18.392700
  950   317   2  0.42380  20.405700   7.543380  18.971000
  951   317   2  0.42380  19.572000   6.469940  18.065900
  952   318   1 -0.84760  18.258100   6.764900  13.693500
  953   318   2  0.42380  17.549600   7.467610  13.629200
  954   318   2  0.42380  18.244900   6.360890  14.608100
  955   319   1 -0.84760  20.351600   4.860380  20.892800
  956   319   2  0.42380  20.245100   5.693650  21.435300
  957   319   2  0.42380  21.127400   4.964730  20.270500
  958   320   1 -0.84760  23.364800   5.225440  22.854600
  959   320   2  0.42380  22.675500   5.686710  23.413300
  960   320   2  0.42380  23.299900   4.237310  22.993800
  961   321   1 -0.84760   2.807640  18.277700   6.049750
  962   321   2  0.42380   2.349830  17.535300   5.560680
  963   321   2  0.42380   3.538280  17.901000   6.619190
  964   322   1 -0.84760   1.138310  17.684500  20.432500
  965   322   2  0.42380   1.556020  18.102900  19.626000
  966   322   2  0.42380   0.988798  16.710400  20.263000
  967   323   1 -0.84760  16.332200  21.137600  22.495900
  968   323   2  0.42380  15.862100  20.255400  22.470900
  969   323   2  0.42380  17.000300  21.138400  23.240000
  970   324   1 -0.84760   9.952170  21.464600   9.985750
  971   324   2  0.42380   9.042900  21.052700  10.045000
  972   324   2  0.42380  10.646600  20.745900  10.019900
  973   325   1 -0.84760  14.018000  22.571700  14.205400
  974   325   2  0.42380  13.801800  23.392500  14.734100
  975   325   2  0.42380  13.170200  22.146000  13.889100
  976   326   1 -0.84760  17.485300   5.200560  15.765000
  977   326   2  0.42380  17.555100   4.455930  15.101200
  978   326   2  0.42380  18.201800   5.099870  16.455400
  979   327   1 -0.84760  16.543900  10.511900  23.071700
  980   327   2  0.42380  16.260100   9.608240  22.751000
  981   327   2  0.42380  16.324500  11.196400  22.376500
  982   328   1 -0.84760   8.268630  17.722600  18.584100
  983   328   2  0.42380   7.804790  18.183300  19.340800
  984   328   2  0.42380   8.507110  18.393100  17.881500
  985   329   1 -0.84760   4.754880  24.822300  15.070400
  986   329   2  0.42380   4.301030  23.942600  15.211800
  987   329   2  0.42380   5.350700  25.018975  15.849100
  988   330   1 -0.84760   6.981200   4.575140   7.565860
  989   330   2  0.42380   6.571040   5.397560   7.171650
  990   330   2  0.42380   6.832060   4.569440   8.554660
  991   331   1 -0.84760  15.315900   3.099380  13.001000
  992   331   2  0.42380  14.520100   2.816080  13.536200
  993   331   2  0.42380  15.306100   2.632580  12.116600
  994   332   1 -0.84760   0.253993  21.550400   8.468940
  995   332   2  0.42380  -0.683000  21.888100   8.379470
  996   332   2  0.42380   0.608357  21.307400   7.565970
  997   333   1 -0.84760  14.215700  10.813000  14.727200
  998   333   2  0.42380  15.067600  10.392300  15.039200
  999   333   2  0.42380  13.438500  10.335000  15.136400
 1000   334   1 -0.84760   0.896141  13.667500  16.872800
 1001   334   2  0.42380   1.705640  14.232500  16.713100
 1002   334   2  0.42380   0.346540  13.629100  16.038300
 1003   335   1 -0.84760   1.289550   3.039570   2.924240
 1004   335   2  0.42380   1.872770   3.040070   3.736550
 1005   335   2  0.42380   1.422380   3.891680   2.418010
 1006   336   1 -0.84760   4.631760   1.136990  19.822800
 1007   336   2  0.42380   3.976790   1.334160  20.552300
 1008   336   2  0.42380   5.320360   0.493942  20.157900
 1009   337   1 -0.84760  24.587500   7.685190   2.557850
 1010   337   2  0.42380  23.991900   6.947600   2.239840
 1011   337   2  0.42380  25.405230   7.294470   2.980600
 1012   338   1 -0.84760  13.376900   9.251600   1.375540
 1013   338   2  0.42380  13.682100   8.308480   1.507520
 1014   338   2  0.42380  12.620400   9.268750   0.721757
 1015   339   1 -0.84760   1.758220   1.292880   7.000430
 1016   339   2  0.42380   1.792170   1.574950   7.959220
 1017   339   2  0.42380   2.172790   2.001620   6.429610
 1018   340   1 -0.84760  21.480000   7.161920  23.932800
 1019   340   2  0.42380  22.041500   7.791990  23.396400
 1020   340   2  0.42380  20.549600   7.150150  23.566500
 1021   341   1 -0.84760  14.810300  21.358900  18.229000
 1022   341   2  0.42380  15.719500  21.066600  17.932600
 1023   341   2  0.42380  14.590900  22.240400  17.810900
 1024   342   1 -0.84760  17.804800  10.427200   3.161160
 1025   342   2  0.42380  16.861900  10.746000   3.064980
 1026   342   2  0.42380  17.915200   9.560910   2.673980
 1027   343   1 -0.84760   0.703205  18.785900   9.145660
 1028   343   2  0.42380   0.720887  19.776200   9.007940
 1029   343   2  0.42380   1.632340  18.455900   9.312500
 1030   344   1 -0.84760  16.079800   9.036170  11.914100
 1031   344   2  0.42380  15.088900   9.169500  11.896800
 1032   344   2  0.42380  16.461900   9.480560  12.724300
 1033   345   1 -0.84760   9.445440   2.662680  18.458800
 1034   345   2  0.42380   9.007000   2.589070  17.563100
 1035   345   2  0.42380   8.799050   3.051410  19.115400
 1036   346   1 -0.84760  11.021000   6.571460   6.063000
 1037   346   2  0.42380  11.577200   6.121400   5.364430
 1038   346   2  0.42380  11.575600   7.250020   6.544610
 1039   347   1 -0.84760  10.408400  24.441900   3.664300
 1040   347   2  0.42380  10.758500  24.890516   2.842020
 1041   347   2  0.42380   9.408520  24.447900   3.647190
 1042   348   1 -0.84760   9.637830  19.309200  16.911300
 1043   348   2  0.42380   9.134860  19.973900  16.358800
 1044   348   2  0.42380  10.531900  19.685900  17.153900
 1045   349   1 -0.84760  12.676300  14.565900  21.211800
 1046   349   2  0.42380  12.742100  13.702000  21.711200
 1047   349   2  0.42380  11.805700  15.009000  21.425500
 1048   350   1 -0.84760  18.101800  17.415100  22.910800
 1049   350   2  0.42380  18.619700  17.170600  23.730500
 1050   350   2  0.42380  17.554900  16.631500  22.616000
 1051   351   1 -0.84760   5.727440   5.579610   9.914960
 1052   351   2  0.42380   6.449800   5.292440  10.544000
 1053   351   2  0.42380   4.891400   5.067250  10.111200
 1054   352   1 -0.84760  23.299300  22.261500  11.932400
 1055   352   2  0.42380  23.262500  21.429800  11.378400
 1056   352   2  0.42380  22.393500  22.684400  11.959300
 1057   353   1 -0.84760  15.512300  18.647400  21.640100
 1058   353   2  0.42380  16.083400  19.125700  20.972900
 1059   353   2  0.42380  14.908300  18.008000  21.164400
 1060   354   1 -0.84760   1.362400  16.499500   4.559080
 1061   354   2  0.42380   1.807030  16.874700   3.745740
 1062   354   2  0.42380   0.375548  16.448300   4.405800
 1063   355   1 -0.84760  16.810200  18.876700  18.883200
 1064   355   2  0.42380  17.081200  19.796300  18.598900
 1065   355   2  0.42380  16.773700  18.277700  18.083200
 1066   356   1 -0.84760  23.250300  23.510800   9.015140
 1067   356   2  0.42380  23.405800  23.391000   9.995690
 1068   356   2  0.42380  22.318100  23.228500   8.788560
 1069   357   1 -0.84760  23.639700  17.041600   7.914890
 1070   357   2  0.42380  24.376000  17.274500   8.550280
 1071   357   2  0.42380  23.404100  17.845400   7.368650
 1072   358   1 -0.84760  18.416500  11.304100  19.171300
 1073   358   2  0.42380  17.910600  10.444800  19.096200
 1074   358   2  0.42380  19.234300  11.260700  18.597300
 1075   359   1 -0.84760  10.981800  23.245000  18.510500
 1076   359   2  0.42380  10.703100  23.632400  17.631800
 1077   359   2  0.42380  11.449800  23.944900  19.050100
 1078   360   1 -0.84760  17.172800   0.526454   8.899030
 1079   360   2  0.42380  17.312400  -0.144100   8.170450
 1080   360   2  0.42380  17.212600   1.448950   8.515070
 1081   361   1 -0.84760  13.411800   5.275380  10.550300
 1082   361   2  0.42380  12.783600   6.017060  10.785400
 1083   361   2  0.42380  14.351600   5.563710  10.734100
 1084   362   1 -0.84760   4.535810   6.124510  15.949700
 1085   362   2  0.42380   4.478460   6.998120  15.466500
 1086   362   2  0.42380   5.468660   5.769690  15.887300
 1087   363   1 -0.84760  12.323400   9.739810   6.117090
 1088   363   2  0.42380  13.180900  10.211800   5.912210
 1089   363   2  0.42380  12.114100   9.836340   7.090150
 1090   364   1 -0.84760   5.315150  10.222100   0.377085
 1091   364   2  0.42380   4.646310  10.965400   0.370655
 1092   364   2  0.42380   5.031170   9.523860   1.034240
 1093   365   1 -0.84760   0.324186   2.357030  14.020500
 1094   365   2  0.42380  -0.410200   2.743110  13.462300
 1095   365   2  0.42380   0.155656   2.565860  14.983800
 1096   366   1 -0.84760   8.167410   9.814470  20.980100
 1097   366   2  0.42380   7.662610  10.272600  20.248400
 1098   366   2  0.42380   8.163400  10.389300  21.798300
 1099   367   1 -0.84760   1.731320   3.942720  21.706700
 1100   367   2  0.42380   1.227410   4.156070  20.869700
 1101   367   2  0.42380   2.227530   4.755000  22.013200
 1102   368   1 -0.84760  21.373300  13.470300   3.332650
 1103   368   2  0.42380  20.501100  13.050100   3.082260
 1104   368   2  0.42380  21.560900  13.297900   4.299660
 1105   369   1 -0.84760   3.184890   7.184120  12.444600
 1106   369   2  0.42380   2.811550   6.281040  12.656900
 1107   369   2  0.42380   3.683470   7.533560  13.237900
 1108   370   1 -0.84760   8.887390  11.834900   8.315270
 1109   370   2  0.42380   8.071780  12.039000   7.773850
 1110   370   2  0.42380   9.634360  12.436600   8.032430
 1111   371   1 -0.84760   7.546620  11.011700  23.383300
 1112   371   2  0.42380   8.412630  11.121600  23.871200
 1113   371   2  0.42380   6.880710  10.567100  23.982400
 1114   372   1 -0.84760   9.535350  23.091000   7.788670
 1115   372   2  0.42380   9.860460  22.616000   6.970920
 1116   372   2  0.42380   9.811940  22.580400   8.602790
 1117   373   1 -0.84760  17.872700  19.495100   6.382260
 1118   373   2  0.42380  17.826700  18.557300   6.038090
 1119   373   2  0.42380  17.108400  20.023700   6.012810
 1120   374   1 -0.84760   4.372880  12.011900  20.071900
 1121   374   2  0.42380   5.029050  12.586300  20.561400
 1122   374   2  0.42380   3.452720  12.387000  20.184500
 1123   375   1 -0.84760  13.951200  16.506600   9.281800
 1124   375   2  0.42380  13.084000  16.038400   9.112370
 1125   375   2  0.42380  13.842600  17.484500   9.102850
 1126   376   1 -0.84760  17.981100  21.008800  17.769500
 1127   376   2  0.42380  18.959700  20.862700  17.914500
 1128   376   2  0.42380  17.846000  21.585200  16.963600
 1129   377   1 -0.84760   5.191410  21.385400  20.024400
 1130   377   2  0.42380   4.544680  21.431000  20.785700
 1131   377   2  0.42380   4.712390  21.091200  19.197400
 1132   378   1 -0.84760  19.172200  20.232800  12.441900
 1133   378   2  0.42380  18.316000  20.393500  11.951000
 1134   378   2  0.42380  19.615200  21.108400  12.634800
 1135   379   1 -0.84760   6.920500  18.515200  20.982700
 1136   379   2  0.42380   6.938380  19.483900  20.735200
 1137   379   2  0.42380   6.163550  18.346300  21.614000
 1138   380   1 -0.84760  12.663500   5.936240  24.654700
 1139   380   2  0.42380  11.699800   6.105260  24.447800
 1140   380   2  0.42380  13.122300   5.582440  23.839600
 1141   381   1 -0.84760   7.510930  20.109300   9.819550
 1142   381   2  0.42380   7.072910  19.983700   8.929400
 1143   381   2  0.42380   7.074450  19.512600  10.493000
 1144   382   1 -0.84760  11.656100   1.217260  19.650100
 1145   382   2  0.42380  10.787600   1.684190  19.483600
 1146   382   2  0.42380  12.327800   1.510080  18.969600
 1147   383   1 -0.84760  10.625900  23.256300  12.008400
 1148   383   2  0.42380  10.173900  22.855100  11.211800
 1149   383   2  0.42380  10.064300  24.000000  12.371000
 1150   384   1 -0.84760  17.878700   3.623530   8.969110
 1151   384   2  0.42380  17.103500   4.239760   8.829950
 1152   384   2  0.42380  18.289600   3.801410   9.863280
 1153   385   1 -0.84760  14.114400  13.215700  19.226900
 1154   385   2  0.42380  13.238800  13.614500  19.499500
 1155   385   2  0.42380  14.741100  13.944400  18.950800
 1156   386   1 -0.84760  14.919000   1.682320  10.352100
 1157   386   2  0.42380  15.546700   1.126460   9.807020
 1158   386   2  0.42380  14.014500   1.678550   9.925840
 1159   387   1 -0.84760   8.928770   6.001160   4.289600
 1160   387   2  0.42380   9.061550   5.076720   3.932120
 1161   387   2  0.42380   9.794400   6.500460   4.252350
 1162   388   1 -0.84760  15.136800  16.028900  15.805100
 1163   388   2  0.42380  14.993100  15.206700  15.254500
 1164   388   2  0.42380  14.279500  16.539200  15.872200
 1165   389   1 -0.84760  23.695400  19.363000  11.047700
 1166   389   2  0.42380  24.249800  19.236800  10.225100
 1167   389   2  0.42380  23.312600  18.483300  11.329900
 1168   390   1 -0.84760  15.664300  22.694200   0.414946
 1169   390   2  0.42380  16.361600  23.345300   0.115247
 1170   390   2  0.42380  14.878400  22.740300  -0.201600
 1171   391   1 -0.84760  15.366000   8.102350  20.674400
 1172   391   2  0.42380  14.456400   8.516990  20.650300
 1173   391   2  0.42380  15.425600   7.474170  21.450200
 1174   392   1 -0.84760   0.382069  14.530600   2.215000
 1175   392   2  0.42380  -0.317100  14.744700   2.897140
 1176   392   2  0.42380   0.883178  15.363200   1.978750
 1177   393   1 -0.84760  20.468200  24.267100  17.246200
 1178   393   2  0.42380  20.499700  24.040400  18.219600
 1179   393   2  0.42380  19.876800  23.615400  16.771200
 1180   394   1 -0.84760   9.010430  23.266800  20.441800
 1181   394   2  0.42380   9.674220  23.073800  19.719200
 1182   394   2  0.42380   9.342350  22.892900  21.307900
 1183   395   1 -0.84760   7.383030   4.860350  15.823700
 1184   395   2  0.42380   7.198390   4.619130  16.776400
 1185   395   2  0.42380   7.572980   5.839990  15.758700
 1186   396   1 -0.84760   7.684050  15.910700  14.533600
 1187   396   2  0.42380   8.100130  15.062400  14.860900
 1188   396   2  0.42380   6.757990  15.991600  14.902200
 1189   397   1 -0.84760  21.594000  15.209800  16.208200
 1190   397   2  0.42380  22.220700  15.790100  15.688000
 1191   397   2  0.42380  20.651100  15.429400  15.958000
 1192   398   1 -0.84760   5.167000   3.484480  22.660200
 1193   398   2  0.42380   4.490440   3.161850  23.322200
 1194   398   2  0.42380   4.699250   3.916970  21.889400
 1195   399   1 -0.84760  10.977900  18.664900   9.660870
 1196   399   2  0.42380  11.920700  18.737200   9.335480
 1197   399   2  0.42380  10.353900  18.676100   8.879560
 1198   400   1 -0.84760  10.203600   5.619370   8.931810
 1199   400   2  0.42380  10.526100   5.767180   7.996880
 1200   400   2  0.42380   9.635750   4.796770   8.962350
 1201   401   1 -0.84760   7.231550  21.872400  23.722500
 1202   401   2  0.42380   8.158080  21.738600  23.370900
 1203   401   2  0.42380   7.132460  21.390200  24.592900
 1204   402   1 -0.84760   1.715270  17.118100   1.920020
 1205   402   2  0.42380   0.844482  17.569000   1.723920
 1206   402   2  0.42380   2.087230  16.730400   1.076610
 1207   403   1 -0.84760  16.559100  23.404000   6.920430
 1208   403   2  0.42380  16.531000  23.590100   5.938290
 1209   403   2  0.42380  15.629700  23.419000   7.289180
 1210   404   1 -0.84760   0.897935   6.871170  24.454900
 1211   404   2  0.42380   0.925070   7.837270  24.711600
 1212   404   2  0.42380   0.160406   6.721900  23.796300
 1213   405   1 -0.84760  18.241100   0.495012  11.649700
 1214   405   2  0.42380  17.674800  -0.178700  12.124500
 1215   405   2  0.42380  18.019700   0.488603  10.674600
 1216   406   1 -0.84760  21.848300  21.584000  23.311600
 1217   406   2  0.42380  22.612600  22.229000  23.314900
 1218   406   2  0.42380  21.340000  21.665200  24.168900
 1219   407   1 -0.84760  16.686900   6.858940   7.087180
 1220   407   2  0.42380  17.225300   6.298660   6.457720
 1221   407   2  0.42380  16.210700   6.266350   7.736850
 1222   408   1 -0.84760  15.698400  22.914000   4.004810
 1223   408   2  0.42380  16.596700  23.253700   3.725950
 1224   408   2  0.42380  15.002400  23.600500   3.794190
 1225   409   1 -0.84760   3.653510   3.581550  18.703000
 1226   409   2  0.42380   3.791470   2.620570  18.942800
 1227   409   2  0.42380   4.539220   4.012440  18.530200
 1228   410   1 -0.84760  18.317400   9.043670   7.319330
 1229   410   2  0.42380  17.961000   9.471610   8.149900
 1230   410   2  0.42380  17.849900   8.173070   7.165990
 1231   411   1 -0.84760  20.490900   6.777200   5.938300
 1232   411   2  0.42380  19.841500   6.291600   5.353040
 1233   411   2  0.42380  20.105300   7.661410   6.201950
 1234   412   1 -0.84760   1.451510  23.032100  12.108200
 1235   412   2  0.42380   0.515111  22.703700  11.984400
 1236   412   2  0.42380   1.946270  22.408200  12.713100
 1237   413   1 -0.84760  23.372400   8.553180  13.006200
 1238   413   2  0.42380  22.423700   8.523410  12.691400
 1239   413   2  0.42380  23.751000   7.627640  13.011600
 1240   414   1 -0.84760   4.935210  19.268300   1.708430
 1241   414   2  0.42380   4.477830  19.367700   2.592140
 1242   414   2  0.42380   5.582000  20.020400   1.581450
 1243   415   1 -0.84760   4.689490  17.712200  13.893200
 1244   415   2  0.42380   4.719480  16.713000  13.870100
 1245   415   2  0.42380   3.742370  18.019500  13.800700
 1246   416   1 -0.84760  12.466600  20.715100  24.500400
 1247   416   2  0.42380  12.423100  21.145000  25.402233
 1248   416   2  0.42380  12.928000  21.329300  23.860300
 1249   417   1 -0.84760   6.874010  14.765300  10.628200
 1250   417   2  0.42380   6.966440  15.279900  11.480700
 1251   417   2  0.42380   7.562270  14.040400  10.600200
 1252   418   1 -0.84760  13.932500  23.636800   8.035540
 1253   418   2  0.42380  13.276300  24.170800   7.502320
 1254   418   2  0.42380  13.716700  23.719100   9.008520
 1255   419   1 -0.84760  23.308900  14.051100  21.457400
 1256   419   2  0.42380  23.120000  14.752300  22.144900
 1257   419   2  0.42380  23.572300  14.489300  20.598000
 1258   420   1 -0.84760  14.928800  13.459900  14.738800
 1259   420   2  0.42380  15.276500  13.549000  13.805500
 1260   420   2  0.42380  14.935900  12.496500  15.006600
 1261   421   1 -0.84760  19.462800  15.292600  10.691700
 1262   421   2  0.42380  18.854800  15.535900  11.447500
 1263   421   2  0.42380  19.880600  16.121600  10.320100
 1264   422   1 -0.84760   5.256170  23.332200   1.960190
 1265   422   2  0.42380   4.362460  22.884100   1.982350
 1266   422   2  0.42380   5.201930  24.208000   2.439930
 1267   423   1 -0.84760   5.853270   3.267960   4.540200
 1268   423   2  0.42380   6.006460   4.238770   4.724750
 1269   423   2  0.42380   6.653740   2.743240   4.829890
 1270   424   1 -0.84760   7.434680   9.418700   4.073800
 1271   424   2  0.42380   7.899320   8.811610   4.718440
 1272   424   2  0.42380   7.724510   9.200140   3.142010
 1273   425   1 -0.84760  12.608000  24.666100  15.476600
 1274   425   2  0.42380  11.644200  24.524500  15.250900
 1275   425   2  0.42380  12.860800  25.613323  15.279500
 1276   426   1 -0.84760   9.940710  11.014400   0.193617
 1277   426   2  0.42380  10.630500  11.457000   0.766553
 1278   426   2  0.42380  10.317700  10.171900  -0.191200
 1279   427   1 -0.84760   4.624650  11.799200   9.317730
 1280   427   2  0.42380   4.953840  11.848200  10.260700
 1281   427   2  0.42380   5.403060  11.831900   8.690830
 1282   428   1 -0.84760  17.624900  10.075500   9.911070
 1283   428   2  0.42380  16.993000   9.614570  10.534100
 1284   428   2  0.42380  17.104900  10.575400   9.218480
 1285   429   1 -0.84760  13.470300  15.437400   2.991470
 1286   429   2  0.42380  12.872500  15.854400   2.306810
 1287   429   2  0.42380  13.026400  15.472000   3.886900
 1288   430   1 -0.84760  18.660900  11.533000  12.209300
 1289   430   2  0.42380  18.588900  11.015900  11.356400
 1290   430   2  0.42380  19.460600  12.132000  12.169300
 1291   431   1 -0.84760  12.361900  21.509600   2.492780
 1292   431   2  0.42380  13.048300  21.664800   3.203200
 1293   431   2  0.42380  11.931100  20.618300   2.634570
 1294   432   1 -0.84760  12.936400   2.289930  14.255100
 1295   432   2  0.42380  12.755500   3.048820  14.880600
 1296   432   2  0.42380  12.727700   2.572670  13.318900
 1297   433   1 -0.84760   4.922950   2.590480   7.813500
 1298   433   2  0.42380   4.696850   2.820180   8.760140
 1299   433   2  0.42380   5.508630   3.303600   7.428240
 1300   434   1 -0.84760  17.890800   1.069620   5.450300
 1301   434   2  0.42380  18.404700   1.247130   6.289570
 1302   434   2  0.42380  17.307900   1.855530   5.243800
 1303   435   1 -0.84760  22.947000   8.866340  22.260100
 1304   435   2  0.42380  23.237000   9.823310  22.269600
 1305   435   2  0.42380  23.674400   8.301470  21.870600
 1306   436   1 -0.84760  24.554200  14.934500  19.151700
 1307   436   2  0.42380  23.791300  15.579100  19.201000
 1308   436   2  0.42380  24.696500  14.658400  18.201100
 1309   437   1 -0.84760   5.092200  17.801800  22.803000
 1310   437   2  0.42380   5.267130  17.346800  23.676100
 1311   437   2  0.42380   4.105620  17.874400  22.656700
 1312   438   1 -0.84760   7.764320  15.247400   3.295540
 1313   438   2  0.42380   8.231900  15.963600   2.777370
 1314   438   2  0.42380   7.434900  14.542500   2.667330
 1315   439   1 -0.84760   1.212580  13.980200  12.255800
 1316   439   2  0.42380   1.570180  13.192500  11.754200
 1317   439   2  0.42380   1.749690  14.792400  12.027900
 1318   440   1 -0.84760   6.985070   1.543580  12.171700
 1319   440   2  0.42380   7.079590   1.032630  11.317300
 1320   440   2  0.42380   6.015920   1.704460  12.358400
 1321   441   1 -0.84760  18.152700  15.775900  13.353400
 1322   441   2  0.42380  18.108100  16.745100  13.111000
 1323   441   2  0.42380  17.961600  15.667200  14.328900
 1324   442   1 -0.84760  24.695400   4.708930   5.635840
 1325   442   2  0.42380  24.195400   4.441900   4.812050
 1326   442   2  0.42380  24.317300   4.226940   6.426220
 1327   443   1 -0.84760   2.935830   3.355060   5.113280
 1328   443   2  0.42380   2.637320   4.149560   5.642110
 1329   443   2  0.42380   3.919080   3.418640   4.942480
 1330   444   1 -0.84760   8.522610   8.171860   6.275520
 1331   444   2  0.42380   8.796900   7.293460   5.884140
 1332   444   2  0.42380   8.912620   8.264930   7.191610
 1333   445   1 -0.84760  22.553100  11.052300  19.340700
 1334   445   2  0.42380  23.469500  11.049300  18.940500
 1335   445   2  0.42380  22.507400  11.741700  20.063700
 1336   446   1 -0.84760   5.890940  11.878800  11.609400
 1337   446   2  0.42380   6.879690  11.896900  11.460900
 1338   446   2  0.42380   5.691350  11.405300  12.467300
 1339   447   1 -0.84760   2.056430   8.401380   7.539230
 1340   447   2  0.42380   2.342490   9.291850   7.185350
 1341   447   2  0.42380   2.189750   8.378010   8.530030
 1342   448   1 -0.84760  15.024300   6.562630  16.223100
 1343   448   2  0.42380  15.933700   6.159940  16.119300
 1344   448   2  0.42380  15.070300   7.543240  16.032600
 1345   449   1 -0.84760   1.522870  15.816600  24.325600
 1346   449   2  0.42380   0.556044  15.562600  24.353100
 1347   449   2  0.42380   2.055120  15.061200  23.943200
 1348   450   1 -0.84760  17.410200  17.691800  10.618400
 1349   450   2  0.42380  18.137800  18.307900  10.919900
 1350   450   2  0.42380  16.752200  17.564700  11.360700
 1351   451   1 -0.84760  11.372000   8.825520  24.300800
 1352   451   2  0.42380  11.740000   9.051190  23.398800
 1353   451   2  0.42380  10.895600   7.947410  24.256300
 1354   452   1 -0.84760  11.840000  18.395300  23.520500
 1355   452   2  0.42380  11.641700  18.473900  22.543500
 1356   452   2  0.42380  12.106300  19.289800  23.879600
 1357   453   1 -0.84760  15.977400   6.438660  22.857900
 1358   453   2  0.42380  16.236600   6.385810  23.822300
 1359   453   2  0.42380  15.466100   5.617440  22.604700
 1360   454   1 -0.84760   6.608780  24.325300  21.148500
 1361   454   2  0.42380   7.475760  23.993500  20.776700
 1362   454   2  0.42380   6.286570  23.695700  21.855500
 1363   455   1 -0.84760   1.995650   0.578179  17.142400
 1364   455   2  0.42380   1.171170   1.109080  16.946500
 1365   455   2  0.42380   2.283680   0.745564  18.085300
 1366   456   1 -0.84760   8.165950   2.217140   1.467210
 1367   456   2  0.42380   7.989170   1.296020   1.814030
 1368   456   2  0.42380   8.075280   2.221430   0.471337
 1369   457   1 -0.84760  15.337100   4.117780  19.903700
 1370   457   2  0.42380  14.733600   3.992250  19.116200
 1371   457   2  0.42380  16.110600   4.695060  19.642200
 1372   458   1 -0.84760  20.144400   1.392840   7.159630
 1373   458   2  0.42380  20.861800   1.164900   6.501240
 1374   458   2  0.42380  20.161500   2.375510   7.344220
 1375   459   1 -0.84760  15.700100  17.674400  24.378900
 1376   459   2  0.42380  15.715200  17.910200  23.407200
 1377   459   2  0.42380  15.963800  16.716600  24.493600
 1378   460   1 -0.84760   8.070510   2.060440  16.102400
 1379   460   2  0.42380   7.522150   1.424220  16.645100
 1380   460   2  0.42380   7.481300   2.781940  15.738700
 1381   461   1 -0.84760   3.871230  14.982100   2.188290
 1382   461   2  0.42380   3.913270  14.001500   2.380200
 1383   461   2  0.42380   2.918500  15.285200   2.208810
 1384   462   1 -0.84760  16.406900   1.121140  17.391100
 1385   462   2  0.42380  16.693500   1.405360  16.476200
 1386   462   2  0.42380  17.206800   1.064730  17.988500
 1387   463   1 -0.84760  23.130000  19.073700  23.379600
 1388   463   2  0.42380  23.774900  19.163700  24.138500
 1389   463   2  0.42380  22.518700  19.865000  23.366100
 1390   464   1 -0.84760  22.243800   1.271780   5.294530
 1391   464   2  0.42380  22.421500   2.041380   4.681230
 1392   464   2  0.42380  22.859500   1.323140   6.080830
 1393   465   1 -0.84760  16.143100   9.485570  16.354800
 1394   465   2  0.42380  16.843700   9.654400  15.661500
 1395   465   2  0.42380  16.579900   9.195190  17.206200
 1396   466   1 -0.84760  20.502700  18.142900  13.427400
 1397   466   2  0.42380  20.088000  18.875700  12.887900
 1398   466   2  0.42380  20.046400  18.083600  14.315300
 1399   467   1 -0.84760  20.498200  11.995400  21.689000
 1400   467   2  0.42380  20.289300  11.494500  20.849000
 1401   467   2  0.42380  20.057600  12.892700  21.660300
 1402   468   1 -0.84760   8.711060  11.769600   3.781500
 1403   468   2  0.42380   8.445730  12.136700   2.889970
 1404   468   2  0.42380   8.202490  10.927200   3.959850
 1405   469   1 -0.84760  23.498400  18.927100  20.490700
 1406   469   2  0.42380  23.337700  18.934200  21.477600
 1407   469   2  0.42380  24.192800  18.241800  20.271000
 1408   470   1 -0.84760  18.484500  14.660100  18.562400
 1409   470   2  0.42380  19.048900  15.439600  18.834300
 1410   470   2  0.42380  18.477900  13.981300  19.296600
 1411   471   1 -0.84760   9.433480   7.581170  22.018300
 1412   471   2  0.42380  10.337900   7.559520  21.592200
 1413   471   2  0.42380   9.030190   8.488360  21.898400
 1414   472   1 -0.84760  14.241600  23.975700  17.462600
 1415   472   2  0.42380  13.578500  24.226200  16.757200
 1416   472   2  0.42380  14.929600  24.696800  17.544500
 1417   473   1 -0.84760   8.384240   8.943440   1.189010
 1418   473   2  0.42380   9.107070   8.405030   1.622170
 1419   473   2  0.42380   8.663740   9.902590   1.145300
 1420   474   1 -0.84760  24.594500  10.179400   1.608690
 1421   474   2  0.42380  24.655900   9.257960   1.992330
 1422   474   2  0.42380  23.699100  10.570300   1.821850
 1423   475   1 -0.84760   0.398544  10.576100  12.877800
 1424   475   2  0.42380  -0.195800   9.778160  12.977400
 1425   475   2  0.42380   0.312067  10.942700  11.951400
 1426   476   1 -0.84760   9.510740   2.126710  21.865100
 1427   476   2  0.42380   8.733330   2.220190  22.487100
 1428   476   2  0.42380   9.741150   1.159020  21.762700
 1429   477   1 -0.84760   1.406330   0.842706  12.053700
 1430   477   2  0.42380   1.173810  -0.124300  12.157400
 1431   477   2  0.42380   0.979105   1.368950  12.788900
 1432   478   1 -0.84760  19.845700  15.659400   6.542340
 1433   478   2  0.42380  19.424900  15.850000   5.655430
 1434   478   2  0.42380  19.760500  14.684700   6.749110
 1435   479   1 -0.84760  10.489200   8.186360   2.637980
 1436   479   2  0.42380  11.141500   8.112060   1.883680
 1437   479   2  0.42380  10.675800   9.019180   3.159150
 1438   480   1 -0.84760  24.319000  11.191000  22.541700
 1439   480   2  0.42380  25.316415  11.178200  22.612300
 1440   480   2  0.42380  24.033100  11.983900  22.003600
 1441   481   1 -0.84760  21.653100   6.562350   1.745380
 1442   481   2  0.42380  21.271600   7.443960   2.023200
 1443   481   2  0.42380  21.892400   6.593640   0.774926
 1444   482   1 -0.84760   6.231570   7.660070  20.580700
 1445   482   2  0.42380   6.969100   8.138970  21.056900
 1446   482   2  0.42380   5.374180   7.789180  21.078900
 1447   483   1 -0.84760  13.588100   8.910340  10.834300
 1448   483   2  0.42380  14.332100   8.805550  10.174300
 1449   483   2  0.42380  12.984200   8.114810  10.784900
 1450   484   1 -0.84760  13.444900   2.312810   0.308546
 1451   484   2  0.42380  14.211300   1.850300  -0.137200
 1452   484   2  0.42380  12.789100   2.613830  -0.383700
 1453   485   1 -0.84760  24.765700   6.386690  12.970400
 1454   485   2  0.42380  24.619400   5.400050  12.898700
 1455   485   2  0.42380  25.319154   6.583640  13.779600
 1456   486   1 -0.84760  18.019500  14.435500  15.815800
 1457   486   2  0.42380  18.603200  13.711100  15.448800
 1458   486   2  0.42380  18.165900  14.514100  16.801900
 1459   487   1 -0.84760   3.117280   7.234460  18.370600
 1460   487   2  0.42380   3.729120   6.948250  17.633200
 1461   487   2  0.42380   2.589360   6.447510  18.690000
 1462   488   1 -0.84760  20.773200   9.932570   7.728190
 1463   488   2  0.42380  19.849100   9.581230   7.578260
 1464   488   2  0.42380  21.303900   9.845000   6.885180
 1465   489   1 -0.84760   2.301730   8.943740  10.154900
 1466   489   2  0.42380   2.183510   9.836150  10.590300
 1467   489   2  0.42380   2.613100   8.279760  10.834700
 1468   490   1 -0.84760  24.484600  24.265700   1.982270
 1469   490   2  0.42380  24.524400  23.859500   1.069360
 1470   490   2  0.42380  25.354500  24.715000   2.185400
 1471   491   1 -0.84760   0.146331  11.426400  18.097800
 1472   491   2  0.42380   0.372122  12.320500  17.710900
 1473   491   2  0.42380   0.438932  10.707100  17.467800
 1474   492   1 -0.84760   6.873730  18.495900   4.169980
 1475   492   2  0.42380   6.365080  17.886000   4.777670
 1476   492   2  0.42380   6.257500  19.195100   3.807340
 1477   493   1 -0.84760  20.476500  24.066000  19.919900
 1478   493   2  0.42380  20.473800  23.291800  20.552800
 1479   493   2  0.42380  21.100500  24.770600  20.257800
 1480   494   1 -0.84760   7.684440   5.380760  12.167600
 1481   494   2  0.42380   7.115710   5.346810  12.989400
 1482   494   2  0.42380   7.737640   6.323300  11.837700
 1483   495   1 -0.84760  21.525600   5.621630  13.995200
 1484   495   2  0.42380  21.115300   6.348840  13.444900
 1485   495   2  0.42380  21.753600   5.977690  14.901400
 1486   496   1 -0.84760  20.445800   2.940890  14.494800
 1487   496   2  0.42380  20.950200   3.790530  14.340600
 1488   496   2  0.42380  19.501000   3.053560  14.187100
 1489   497   1 -0.84760   5.161200   3.981320  14.138700
 1490   497   2  0.42380   5.504090   3.101810  13.808700
 1491   497   2  0.42380   5.896250   4.470860  14.607800
 1492   498   1 -0.84760   5.098430  16.746300   0.470844
 1493   498   2  0.42380   4.628370  16.152700   1.124090
 1494   498   2  0.42380   5.121680  17.680600   0.826341
 1495   499   1 -0.84760   6.671440  15.844000   8.285220
 1496   499   2  0.42380   6.699660  15.594300   9.253140
 1497   499   2  0.42380   6.165100  15.148000   7.776110
 1498   500   1 -0.84760  15.376900  13.516300   6.325220
 1499   500   2  0.42380  16.074700  13.464500   5.610770
 1500   500   2  0.42380  15.183900  14.475100   6.533730
 1501   501   1 -0.84760   7.011850  22.487400   5.133310
 1502   501   2  0.42380   6.813410  22.659600   6.098170
 1503   501   2  0.42380   6.273890  22.858600   4.569790
 1504   502   1 -0.84760   1.992270  11.928900  10.235100
 1505   502   2  0.42380   2.887390  11.775100   9.816610
 1506   502   2  0.42380   1.587620  12.762700   9.859690
 1507   503   1 -0.84760  21.160300  23.820500  10.975700
 1508   503   2  0.42380  21.331000  24.801200  11.071000
 1509   503   2  0.42380  20.489400  23.668000  10.250000
 1510   504   1 -0.84760   1.639240   1.971950   9.643170
 1511   504   2  0.42380   0.870594   2.484520  10.025900
 1512   504   2  0.42380   1.855420   1.199750  10.240600
 1513   505   1 -0.84760  15.550800   4.801240   8.537240
 1514   505   2  0.42380  14.805700   4.721140   7.875160
 1515   505   2  0.42380  15.179300   4.754220   9.464480
 1516   506   1 -0.84760   4.960700  14.285200   6.546310
 1517   506   2  0.42380   5.211180  14.823600   5.741710
 1518   506   2  0.42380   4.003220  14.005600   6.475390
 1519   507   1 -0.84760  16.830300  18.366200  13.640800
 1520   507   2  0.42380  15.888300  18.051000  13.525400
 1521   507   2  0.42380  16.884300  19.341200  13.425500
 1522   508   1 -0.84760  13.401600  19.072500   8.957320
 1523   508   2  0.42380  14.073500  19.301100   9.661830
 1524   508   2  0.42380  13.209900  19.883100   8.403940
 1525   509   1 -0.84760  15.053600  13.042800  23.748500
 1526   509   2  0.42380  15.615400  12.318200  24.147800
 1527   509   2  0.42380  14.780500  13.685600  24.464200
 1528   510   1 -0.84760  10.479100   6.963510  15.159300
 1529   510   2  0.42380  10.417900   6.016540  14.843800
 1530   510   2  0.42380  10.111600   7.573180  14.456900
 1531   511   1 -0.84760  11.262900  11.969800  18.262400
 1532   511   2  0.42380  10.628000  12.581400  18.734500
 1533   511   2  0.42380  11.256200  11.074300  18.707500
 1534   512   1 -0.84760  14.394600  15.318300  11.643400
 1535   512   2  0.42380  14.488800  15.804200  10.774500
 1536   512   2  0.42380  14.941000  14.481200  11.618100