    1     0.7400     -1.12870
    2     0.8400     -1.12369
    3     0.9400     -1.11037
    4     1.0400     -1.09278
    5     1.1400     -1.07321
    6     1.2400     -1.05302
    7     1.3400     -1.03297
    8     1.4400     -1.01349
    9     1.5400     -0.99484
   10     1.6400     -0.97713
   11     1.7400     -0.96045
   12     1.8400     -0.94481
   13     1.9400     -0.93019
   14     2.0400     -0.91658
   15     2.1400     -0.90391
   16     2.2400     -0.89214
   17     2.3400     -0.88121
   18     2.4400     -0.87106
   19     2.5400     -0.86165
   20     2.6400     -0.85292
   21     2.7400     -0.84482
   22     2.8400     -0.83732
   23     2.9400     -0.83037
   24     3.0400     -0.82393
   25     3.1400     -0.81797
   26     3.2400     -0.81246
   27     3.3400     -0.80736
   28     3.4400     -0.80265
   29     3.5400     -0.79829
   30     3.6400     -0.79427
   31     3.7400     -0.79056