     10000   450.88816     -6021.3546      883.46721      13565.152     -6021.3546      1358.7961     -4662.5585      1267.5759      15308.413    
     10100   394.24421     -6054.0017      893.84064      13525.185     -6054.0017      1188.0939     -4865.9078      694.31341      15308.413    
     10200   359.13932     -6190.6055      919.77011      13362.608     -6190.6055      1082.3019     -5108.3036     -103.63732      15308.413    
     10300   342.67701     -6354.8667      938.81571      13181.831     -6354.8667      1032.6911     -5322.1756     -406.42156      15308.413    
     10400   315.27092     -6440.9056      972.45326      13060.579     -6440.9056      950.10011     -5490.8055     -599.94745      15308.413    
     10500   306.80038     -6535.3452      1034.9815      12904.213     -6535.3452      924.57332     -5610.7719     -373.90601      15308.413    
     10600   284.00305     -6548.7468      968.00667      12956.648     -6548.7468      855.8713      -5692.8755     -1524.0277      15308.413    
     10700   303.46786     -6619.8289      1045.7987      12808.132     -6619.8289      914.53042     -5705.2984     -726.89702      15308.413    
     10800   294.66035     -6607.0081      1073.4545      12791.495     -6607.0081      887.98813     -5719.0199     -418.13462      15308.413    
     10900   293.15076     -6622.084       1033.3759      12815.85      -6622.084       883.43883     -5738.6452     -1028.7705      15308.413    
     11000   300.92165     -6645.5446      1071.4393      12757.578     -6645.5446      906.85717     -5738.6874     -454.04243      15308.413    
     11100   296.04677     -6619.3678      1034.6423      12819.806     -6619.3678      892.16624     -5727.2016     -1003.4755      15308.413    
     11200   298.23616     -6607.8333      1055.5589      12811.206     -6607.8333      898.76418     -5709.0691     -582.9936       15308.413    
     11300   305.15336     -6628.276       1134.9806      12711.063     -6628.276       919.60985     -5708.6661      316.58116      15308.413    
     11400   301.02968     -6640.5296      1165.8591      12668.785     -6640.5296      907.18273     -5733.3469      783.47193      15308.413    
     11500   295.41489     -6660.4165      1048.527       12765.644     -6660.4165      890.26199     -5770.1545     -1002.0852      15308.413    
     11600   297.86828     -6676.5648      1106.3025      12692.237     -6676.5648      897.65554     -5778.9093     -418.99135      15308.413    
     11700   299.73178     -6678.4427      1148.554       12647.958     -6678.4427      903.27137     -5775.1713      360.06253      15308.413    
     11800   300.76816     -6691.1514      1177.3515      12606.316     -6691.1514      906.39462     -5784.7568      767.59439      15308.413    
     11900   294.66276     -6677.5122      1147.7928      12646.465     -6677.5122      887.9954      -5789.5168      441.04716      15308.413    
     12000   304.79606     -6710.9147      1168.5532      12592.311     -6710.9147      918.53308     -5792.3816      441.71386      15308.413    
     12100   297.35987     -6705.8054      1086.0986      12682.736     -6705.8054      896.1234      -5809.682      -632.17257      15308.413    
     12200   310.46128     -6723.9351      1113.6165      12635.824     -6723.9351      935.60581     -5788.3293     -239.88044      15308.413    
     12300   298.40417     -6668.9299      1098.1527      12707.238     -6668.9299      899.27049     -5769.6594     -221.89452      15308.413    
     12400   300.58218     -6665.1667      1145.2041      12664.598     -6665.1667      905.83413     -5759.3325      438.32797      15308.413    
     12500   309.06294     -6673.7663      1086.833       12712.456     -6673.7663      931.39176     -5742.3746     -298.74787      15308.413    
     12600   312.53531     -6677.2391      1142.8765      12656.799     -6677.2391      941.85609     -5735.3831      613.27636      15308.413    
     12700   303.47623     -6680.223       1091.9499      12702.835     -6680.223       914.55565     -5765.6673     -242.86759      15308.413    
     12800   293.3711      -6692.4875      1109.8633      12671.299     -6692.4875      884.10284     -5808.3847     -202.02657      15308.413    
     12900   283.46442     -6657.0056      1119.8714      12698.461     -6657.0056      854.24807     -5802.7576      177.04554      15308.413    
     13000   304.33945     -6673.6121      1203.1589      12596.616     -6673.6121      917.15706     -5756.455       1306.6306      15308.413    
     13100   303.2362      -6662.9584      1106.9771      12702.195     -6662.9584      913.83229     -5749.1261     -76.178687      15308.413    
     13200   301.09676     -6672.288       1140.8951      12660.45      -6672.288       907.38488     -5764.9031      363.39624      15308.413    
     13300   293.5168      -6664.8283      1091.45        12719.774     -6664.8283      884.54194     -5780.2863     -217.32916      15308.413    
     13400   300.92457     -6693.0101      1118.6847      12663.117     -6693.0101      906.86597     -5786.1441      35.80601       15308.413    
     13500   310.70153     -6684.6766      1137.4704      12653.646     -6684.6766      936.3298      -5748.3468      493.01235      15308.413    
     13600   309.57138     -6664.9274      1109.6801      12699.406     -6664.9274      932.924       -5732.0034     -102.90163      15308.413    
     13700   300.69146     -6660.0401      1111.7955      12701.835     -6660.0401      906.16347     -5753.8766     -67.624675      15308.413    
     13800   301.82652     -6714.4982      1135.2109      12620.628     -6714.4982      909.58409     -5804.9141     -176.38881      15308.413    
     13900   293.29011     -6722.453       1171.2561      12577.906     -6722.453       883.85877     -5838.5943      388.48584      15308.413    
     14000   291.93178     -6720.0286      1181.5629      12572.291     -6720.0286      879.7653      -5840.2633      343.7546       15308.413    
     14100   284.05488     -6658.8845      1106.5829      12707.887     -6658.8845      856.02748     -5802.857      -422.36624      15308.413    
     14200   291.93644     -6650.8537      1100.3543      12724.834     -6650.8537      879.77935     -5771.0744     -389.09456      15308.413    
     14300   301.34221     -6650.2712      1072.1605      12752.642     -6650.2712      908.12456     -5742.1466     -618.05179      15308.413    
     14400   309.33659     -6659.9286      1181.6125      12631.301     -6659.9286      932.21642     -5727.7122      890.71758      15308.413    
     14500   305.98812     -6702.8674      1108.1583      12662.535     -6702.8674      922.12548     -5780.742      -473.2453       15308.413    
     14600   301.58379     -6723.4103      1109.1174      12643.876     -6723.4103      908.8526      -5814.5577     -447.04804      15308.413    
     14700   296.46829     -6715.6325      1100.5716      12657.747     -6715.6325      893.43652     -5822.1959     -385.50173      15308.413    
     14800   298.55411     -6713.1829      1108.3381      12651.233     -6713.1829      899.72235     -5813.4605     -353.52324      15308.413    
     14900   309.49562     -6694.6064      1135.8492      12643.367     -6694.6064      932.69569     -5761.9107      26.237184      15308.413    
     15000   308.67636     -6673.6293      1067.262       12733.821     -6673.6293      930.22675     -5743.4026     -757.4601       15308.413    
     15100   310.64362     -6704.249       1115.7944      12656.038     -6704.249       936.15528     -5768.0937     -122.62647      15308.413    
     15200   289.92792     -6664.5132      1079.9642      12730.219     -6664.5132      873.72648     -5790.7867     -360.51959      15308.413    
     15300   302.80835     -6704.1707      1083.9562      12687.297     -6704.1707      912.54293     -5791.6277     -662.31737      15308.413    
     15400   296.50502     -6684.3446      1112.568       12675.796     -6684.3446      893.54723     -5790.7973     -257.66364      15308.413    
     15500   300.51126     -6701.2555      1137.7847      12635.403     -6701.2555      905.62042     -5795.6351      42.978562      15308.413    
     15600   292.37507     -6722.1764      1129.5499      12622.992     -6722.1764      881.10119     -5841.0752     -201.43626      15308.413    
     15700   291.30473     -6741.415       1174.1756      12560.179     -6741.415       877.87562     -5863.5394      503.90073      15308.413    
     15800   307.8375      -6768.3118      1164.4558      12542.73      -6768.3118      927.69877     -5840.613       211.87582      15308.413    
     15900   311.32806     -6726.0041      1120.106       12629.278     -6726.0041      938.21791     -5787.7862     -33.661913      15308.413    
     16000   311.38257     -6720.4079      1098.5494      12656.143     -6720.4079      938.38219     -5782.0257     -455.15311      15308.413    
     16100   291.94576     -6668.1472      1121.0452      12686.209     -6668.1472      879.80745     -5788.3398     -47.039614      15308.413    
     16200   306.63535     -6707.7309      1024.3201      12743.568     -6707.7309      924.07597     -5783.6549     -1604.1105      15308.413    
     16300   297.59808     -6684.4957      1105.2948      12681.415     -6684.4957      896.84125     -5787.6544     -388.77007      15308.413    
     16400   294.04179     -6694.8952      1115.3533      12665.884     -6694.8952      886.12405     -5808.7712     -187.65753      15308.413    
     16500   296.45973     -6761.1461      1154.8738      12559.219     -6761.1461      893.41074     -5867.7354     -84.433091      15308.413    
     16600   301.40841     -6778.6263      1184.9898      12511.158     -6778.6263      908.32407     -5870.3022      461.9957       15308.413    
     16700   296.09272     -6761.8487      1175.1116      12537         -6761.8487      892.30471     -5869.544       356.01618      15308.413    
     16800   295.94754     -6734.4643      1191.7852      12546.752     -6734.4643      891.86721     -5842.5971      584.53822      15308.413    
     16900   298.92175     -6689.1442      1171.0714      12613.387     -6689.1442      900.83027     -5788.314       578.36204      15308.413    
     17000   292.13402     -6664.9351      1132.8199      12676.31      -6664.9351      880.37477     -5784.5603      41.838285      15308.413    
     17100   304.78207     -6705.5608      1129.376       12640.158     -6705.5608      918.49094     -5787.0699      7.2094603      15308.413    
     17200   296.94732     -6735.4096      1103.3539      12637.7       -6735.4096      894.88015     -5840.5295     -528.08389      15308.413    
     17300   293.5978      -6746.5338      1090.0129      12637.125     -6746.5338      884.78601     -5861.7478     -854.63416      15308.413    
     17400   309.16886     -6768.147       1127.9091      12579.413     -6768.147       931.71095     -5836.436      -295.10194      15308.413    
     17500   306.82531     -6753.7572      1151.6678      12570.253     -6753.7572      924.64842     -5829.1088     -179.1199       15308.413    
     17600   287.07515     -6741.6685      1128.274       12605.943     -6741.6685      865.12937     -5876.5391     -393.50634      15308.413    
     17700   282.63047     -6771.8205      1134.9844      12569.48      -6771.8205      851.73488     -5920.0856     -398.95606      15308.413    
     17800   288.06872     -6767.3506      1182.8048      12525.198     -6767.3506      868.12358     -5899.227       473.34958      15308.413    
     17900   302.86471     -6785.8897      1084.3542      12604.369     -6785.8897      912.71276     -5873.1769     -1023.3521      15308.413    
     18000   289.33777     -6713.5136      1220.9416      12539.561     -6713.5136      871.948       -5841.5656      1240.245       15308.413    
     18100   303.63214     -6721.0325      1186.3836      12568.612     -6721.0325      915.02551     -5806.007       850.15707      15308.413    
     18200   300.05013     -6694.1511      1092.2685      12689.163     -6694.1511      904.23077     -5789.9204     -392.52661      15308.413    
     18300   293.28876     -6648.2686      1083.12        12741.893     -6648.2686      883.85471     -5764.4139     -406.36493      15308.413    
     18400   318.81125     -6664.317       1119.3014      12692.695     -6664.317       960.76925     -5703.5478      217.92404      15308.413    
     18500   315.5018      -6684.5366      1148.8099      12641.193     -6684.5366      950.79589     -5733.7407      423.78996      15308.413    
     18600   300.51816     -6672.2154      1142.3089      12660.815     -6672.2154      905.64121     -5766.5742      501.83863      15308.413    
     18700   312.37489     -6748.209       1075.0122      12651.085     -6748.209       941.37265     -5806.8363     -1098.0801      15308.413    
     18800   302.78167     -6739.7064      1099.0864      12636.267     -6739.7064      912.46251     -5827.2439     -759.99825      15308.413    
     18900   293.27229     -6698.9768      1125.1577      12650.398     -6698.9768      883.80506     -5815.1717     -22.00064       15308.413    
     19000   307.41136     -6704.1705      1134.1202      12637.17      -6704.1705      926.41456     -5777.7559      109.82475      15308.413    
     19100   313.72455     -6674.8514      1165.1511      12635.502     -6674.8514      945.43998     -5729.4114      603.45429      15308.413    
     19200   322.77181     -6674.8371      1142.3699      12658.151     -6674.8371      972.70479     -5702.1324      371.45499      15308.413    
     19300   303.98829     -6683.4519      1135.0784      12656.352     -6683.4519      916.0988      -5767.3531      101.40928      15308.413    
     19400   303.98118     -6708.1037      1113.0794      12652.124     -6708.1037      916.07738     -5792.0263     -350.4255       15308.413    
     19500   298.53481     -6712.6903      1128.6483      12634.978     -6712.6903      899.66419     -5813.0261     -22.316675      15308.413    
     19600   306.88168     -6753.6784      1073.7645      12648.77      -6753.6784      924.8183      -5828.8601     -1180.7675      15308.413    
     19700   304.83003     -6773.3731      1113.9144      12588.338     -6773.3731      918.63546     -5854.7377     -768.21354      15308.413    
     19800   286.67802     -6756.9474      1149.263       12570.788     -6756.9474      863.93258     -5893.0149     -120.2426       15308.413    
     19900   303.44051     -6805.3218      1187.9476      12482.577     -6805.3218      914.44799     -5890.8738      372.15896      15308.413    
     20000   300.93786     -6753.6087      1129.8268      12590.786     -6753.6087      906.90603     -5846.7027     -473.00743      15308.413    
     20100   297.85786     -6706.4298      1125.8719      12642.233     -6706.4298      897.62414     -5808.8057     -104.41568      15308.413    
     20200   305.5048      -6733.0584      1108.2098      12631.445     -6733.0584      920.66894     -5812.3895     -406.32691      15308.413    
     20300   296.14121     -6743.5802      1154.917       12578.221     -6743.5802      892.45085     -5851.1293      257.54471      15308.413    
     20400   279.12509     -6728.3358      1128.3583      12619.688     -6728.3358      841.17109     -5887.1647     -93.05494       15308.413    
     20500   304.88914     -6760.9653      1131.2026      12584.027     -6760.9653      918.81359     -5842.1517     -373.66396      15308.413    
     20600   318.86569     -6756.7265      1121.5971      12595.981     -6756.7265      960.93332     -5795.7932     -402.35926      15308.413    
     20700   296.50033     -6720.7067      1118.138       12633.58      -6720.7067      893.53307     -5827.1736     -404.40219      15308.413    
     20800   300.60585     -6764.3754      1109.2854      12601.3       -6764.3754      905.90548     -5858.47       -689.95468      15308.413    
     20900   282.99547     -6712.4882      1191.7905      12572.272     -6712.4882      852.83485     -5859.6533      721.23589      15308.413    
     21000   300.96084     -6713.3815      1180.5087      12581.139     -6713.3815      906.97527     -5806.4062      628.54379      15308.413    
     21100   308.50418     -6718.7259      1111.0798      12644.257     -6718.7259      929.70787     -5789.018      -264.48832      15308.413    
     21200   304.41811     -6705.5547      1074.4097      12695.14      -6705.5547      917.3941      -5788.1606     -735.26535      15308.413    
     21300   300.79701     -6718.7968      1121.865       12635.183     -6718.7968      906.48154     -5812.3153     -284.31818      15308.413    
     21400   289.67628     -6740.2051      1081.7391      12651.827     -6740.2051      872.96813     -5867.237      -1042.6759      15308.413    
     21500   287.53169     -6719.6894      1153.3069      12599.201     -6719.6894      866.50521     -5853.1842      56.545538      15308.413    
     21600   298.98749     -6719.9871      1175.1948      12578.513     -6719.9871      901.02838     -5818.9587      359.59255      15308.413    
     21700   300.89331     -6714.2642      1085.8091      12675.895     -6714.2642      906.77177     -5807.4924     -574.33096      15308.413    
     21800   295.57475     -6691.7733      1129.3309      12652.415     -6691.7733      890.74375     -5801.0296      97.315969      15308.413    
     21900   301.43796     -6685.0355      1114.5747      12676.4       -6685.0355      908.41313     -5776.6223      171.51334      15308.413    
     22000   317.41443     -6683.1868      1085.8854      12705.216     -6683.1868      956.55978     -5726.627      -474.25171      15308.413    
     22100   302.6563      -6635.5789      1043.879       12794.412     -6635.5789      912.08471     -5723.4941     -640.44162      15308.413    
     22200   299.71118     -6677.7651      1078.5687      12717.34      -6677.7651      903.20931     -5774.5558     -507.71435      15308.413    
     22300   300.02135     -6705.8369      1119.5373      12651.488     -6705.8369      904.14404     -5801.6929      30.403975      15308.413    
     22400   300.0722      -6691.996       1110.4595      12674.904     -6691.996       904.29726     -5787.6987     -181.85473      15308.413    
     22500   310.08499     -6699.8713      1139.9551      12634.641     -6699.8713      934.47179     -5765.3995      182.30368      15308.413    
     22600   302.92744     -6650.1449      1074.3007      12749.609     -6650.1449      912.9018      -5737.2431     -432.11046      15308.413    
     22700   311.74502     -6627.9024      1129.5407      12718.189     -6627.9024      939.47447     -5688.4279      563.57071      15308.413    
     22800   317.17812     -6653.793       1130.3154      12689.142     -6653.793       955.84764     -5697.9453      332.67159      15308.413    
     22900   306.33549     -6667.0466      1110.1645      12697.639     -6667.0466      923.1723      -5743.8743     -24.013575      15308.413    
     23000   302.66554     -6680.1658      1142.6309      12653.502     -6680.1658      912.11254     -5768.0533      218.29014      15308.413    
     23100   299.26484     -6707.5983      1148.5142      12618.858     -6707.5983      901.8642      -5805.7341      169.64165      15308.413    
     23200   289.70577     -6703.3245      1073.7432      12697.414     -6703.3245      873.05702     -5830.2675     -653.64961      15308.413    
     23300   302.08797     -6731.584       1132.4839      12611.174     -6731.584       910.37201     -5821.212       93.908112      15308.413    
     23400   307.75305     -6707.8956      1137.7516      12629.13      -6707.8956      927.44428     -5780.4513      150.81219      15308.413    
     23500   306.68234     -6659.8117      1131.9759      12684.196     -6659.8117      924.21758     -5735.5942      346.61539      15308.413    
     23600   309.18481     -6657.8838      1081.8966      12735.064     -6657.8838      931.75902     -5726.1248     -431.96849      15308.413    
     23700   284.45356     -6661.3854      1118.372       12695.644     -6661.3854      857.22896     -5804.1565     -60.750187      15308.413    
     23800   298.87337     -6720.3165      1112.8761      12642.298     -6720.3165      900.68447     -5819.632      -446.52602      15308.413    
     23900   305.06987     -6721.6118      1032.5988      12720.12      -6721.6118      919.35826     -5802.2536     -1432.6852      15308.413    
     24000   299.91436     -6704.2517      1129.6472      12640.97      -6704.2517      903.82159     -5800.4301      105.75259      15308.413    
     24100   301.81528     -6706.938       1111.4372      12656.791     -6706.938       909.55022     -5797.3878     -50.55069       15308.413    
     24200   311.27485     -6682.1596      1138.8313      12653.118     -6682.1596      938.05756     -5744.1021      398.41187      15308.413    
     24300   311.78544     -6684.2022      1042.1272      12749.775     -6684.2022      939.59628     -5744.6059     -1061.6228      15308.413    
     24400   284.85002     -6631.7055      1007.1989      12835.769     -6631.7055      858.42373     -5773.2818     -1403.8354      15308.413    
     24500   303.3133      -6693.4603      1039.2992      12743.244     -6693.4603      914.06464     -5779.3957     -1002.0842      15308.413    
     24600   305.05529     -6715.6768      1065.7679      12694.321     -6715.6768      919.3143      -5796.3625     -1019.5112      15308.413    
     24700   302.81402     -6743.7469      1109.6597      12621.027     -6743.7469      912.56003     -5831.1869     -513.41106      15308.413    
     24800   297.44817     -6740.2676      1100.143       12633.748     -6740.2676      896.38951     -5843.8781     -507.86901      15308.413    
     24900   291.16603     -6704.5988      1086.767       12682.564     -6704.5988      877.45765     -5827.1411     -662.43812      15308.413    
     25000   301.67616     -6686.6419      1138.1193      12648.394     -6686.6419      909.13097     -5777.5109      233.22061      15308.413    
     25100   300.73137     -6666.8858      1109.3752      12697.998     -6666.8858      906.28375     -5760.6021      29.496264      15308.413    
     25200   298.5986      -6683.5115      1101.6346      12688.278     -6683.5115      899.85643     -5783.655      -186.40012      15308.413    
     25300   300.90579     -6706.1389      1117.7585      12651.646     -6706.1389      906.80937     -5799.3295     -135.21592      15308.413    
     25400   308.83662     -6728.9387      1076.944       12668.629     -6728.9387      930.70971     -5798.229      -896.33005      15308.413    
     25500   306.42406     -6716.6795      1072.6244      12685.876     -6716.6795      923.43924     -5793.2403     -1022.4773      15308.413    
     25600   302.42202     -6690.143       1109.406       12676.252     -6690.143       911.37869     -5778.7643     -120.00569      15308.413    
     25700   310.02653     -6699.97        1081.2772      12694.015     -6699.97        934.29563     -5765.6744     -609.73015      15308.413    
     25800   289.5027      -6674.4814      1126.7874      12675.071     -6674.4814      872.44504     -5802.0364      11.922012      15308.413    
     25900   295.83577     -6727.9637      1155.647       12590.336     -6727.9637      891.53038     -5836.4334      287.45476      15308.413    
     26000   297.46233     -6759.0648      1096.584       12615.778     -6759.0648      896.43217     -5862.6326     -768.88224      15308.413    
     26100   301.79641     -6772.0187      1119.1242      12582.767     -6772.0187      909.49336     -5862.5253     -298.90811      15308.413    
     26200   308.5622      -6726.1376      1170.0887      12578.475     -6726.1376      929.88272     -5796.2549      545.7896       15308.413    
     26300   303.99028     -6698.5655      1088.1736      12689.072     -6698.5655      916.10478     -5782.4607     -784.36753      15308.413    
     26400   300.74715     -6676.0802      1040.2442      12759.77      -6676.0802      906.3313      -5769.7489     -1053.7151      15308.413    
     26500   313.92112     -6677.1628      1061.5577      12735.178     -6677.1628      946.03237     -5731.1305     -869.04613      15308.413    
     26600   309.21779     -6622.6466      1049.0383      12802.184     -6622.6466      931.85842     -5690.7882     -762.10233      15308.413    
     26700   311.98968     -6635.2203      1073.4392      12765.019     -6635.2203      940.21179     -5695.0085     -250.69631      15308.413    
     26800   307.39301     -6697.5835      1105.135       12671.576     -6697.5835      926.35924     -5771.2243     -219.16794      15308.413    
     26900   295.51456     -6689.1376      1028.6731      12756.367     -6689.1376      890.56237     -5798.5752     -1430.6976      15308.413    
     27000   301.51123     -6719.5414      1067.5205      12687.341     -6719.5414      908.63392     -5810.9074     -1038.8163      15308.413    
     27100   294.26969     -6700.8884      1087.5845      12686.028     -6700.8884      886.81082     -5814.0775     -620.39469      15308.413    
     27200   292.67901     -6684.0891      1101.4882      12686.123     -6684.0891      882.01717     -5802.072      -567.41901      15308.413    
     27300   306.72965     -6677.1504      1118.4349      12679.918     -6677.1504      924.36015     -5752.7902     -103.24315      15308.413    
     27400   312.38603     -6682.4438      1113.7064      12679.503     -6682.4438      941.4062      -5741.0376      60.364726      15308.413    
     27500   311.76632     -6720.2492      1050.3609      12703.538     -6720.2492      939.53867     -5780.7105     -1274.6481      15308.413    
     27600   287.82278     -6678.9551      1059.0893      12737.383     -6678.9551      867.38244     -5811.5726     -823.29983      15308.413    
     27700   314.36925     -6749.4206      1086.7898      12637.34      -6749.4206      947.38284     -5802.0377     -872.08092      15308.413    
     27800   305.24571     -6725.6794      1081.6131      12667.188     -6725.6794      919.88815     -5805.7912     -787.09962      15308.413    
     27900   293.78401     -6683.3042      1161.2019      12630.269     -6683.3042      885.34718     -5797.957       435.69619      15308.413    
     28000   312.31687     -6707.2723      1161.9462      12602.861     -6707.2723      941.19779     -5766.0745      327.7012       15308.413    
     28100   307.45929     -6709.8081      1124.4328      12639.218     -6709.8081      926.55899     -5783.2491     -128.6747       15308.413    
     28200   288.38157     -6706.1908      1123.7314      12645.289     -6706.1908      869.06641     -5837.1244     -150.21502      15308.413    
     28300   293.57848     -6722.6373      1116.1861      12636.506     -6722.6373      884.7278      -5837.9095     -424.94963      15308.413    
     28400   306.11106     -6742.8451      1155.8205      12576.888     -6742.8451      922.49597     -5820.3491      245.08         15308.413    
     28500   304.63202     -6746.482       1126.2497      12601.791     -6746.482       918.03875     -5828.4433     -504.88848      15308.413    
     28600   283.96485     -6734.1201      1053.2833      12686.581     -6734.1201      855.75619     -5878.3639     -1299.8588      15308.413    
     28700   276.91303     -6689.8376      1076.5533      12709.526     -6689.8376      834.50481     -5855.3328     -734.39745      15308.413    
     28800   292.40628     -6682.4974      1073.2693      12718.657     -6682.4974      881.19525     -5801.3022     -613.78861      15308.413    
     28900   305.07346     -6703.8391      1115.4194      12656.978     -6703.8391      919.36906     -5784.47       -216.97739      15308.413    
     29000   305.59389     -6717.5786      1115.1267      12642.676     -6717.5786      920.93742     -5796.6411     -277.71653      15308.413    
     29100   293.1149      -6727.8338      1154.9288      12592.162     -6727.8338      883.33075     -5844.503       274.80599      15308.413    
     29200   280.10803     -6710.4526      1039.9165      12724.344     -6710.4526      844.13327     -5866.3194     -1378.102       15308.413    
     29300   293.87556     -6717.9208      1138.4325      12618.853     -6717.9208      885.62308     -5832.2978      10.208937      15308.413    
     29400   313.7404      -6755.1092      1104.4567      12614.504     -6755.1092      945.48775     -5809.6214     -541.44541      15308.413    
     29500   297.40349     -6720.3067      1101.4376      12653.804     -6720.3067      896.25484     -5824.0518     -607.24386      15308.413    
     29600   300.46448     -6723.7189      1092.5095      12658.806     -6723.7189      905.47945     -5818.2394     -670.38494      15308.413    
     29700   298.54895     -6662.712       1067.7668      12742.678     -6662.712       899.7068      -5763.0052     -804.24296      15308.413    
     29800   302.63998     -6634.0862      1060.5186      12780.094     -6634.0862      912.03554     -5722.0506     -566.50793      15308.413    
     29900   312.59009     -6672.8594      1038.282       12761.92      -6672.8594      942.02118     -5730.8383     -1151.6533      15308.413    
     30000   313.21494     -6714.9609      1060.6172      12698.033     -6714.9609      943.90422     -5771.0567     -970.85328      15308.413    
     30100   306.20815     -6725.2501      1071.3496      12679.999     -6725.2501      922.78857     -5802.4615     -842.29348      15308.413    
     30200   315.6508      -6760.9432      1095.2711      12618.284     -6760.9432      951.24492     -5809.6983     -686.4558       15308.413    
     30300   297.2389      -6715.9291      1086.855       12670.488     -6715.9291      895.75883     -5820.1702     -727.74613      15308.413    
     30400   300.12788     -6741.2509      1140.2112      12592.879     -6741.2509      904.46505     -5836.7858     -46.199669      15308.413    
     30500   294.53982     -6766.4831      1121.9455      12587.643     -6766.4831      887.62489     -5878.8582     -424.32214      15308.413    
     30600   281.69635     -6741.2802      1068.4221      12666.869     -6741.2802      848.91982     -5892.3604     -1045.791       15308.413    
     30700   299.16535     -6733.1961      1115.2759      12626.941     -6733.1961      901.56438     -5831.6318     -376.37468      15308.413    
     30800   305.76311     -6733.1078      1222.1664      12520.054     -6733.1078      921.4474      -5811.6604      1399.1588      15308.413    
     30900   311.264       -6755.7324      1162.5927      12556.248     -6755.7324      938.02486     -5817.7075      231.52131      15308.413    
     31000   291.62663     -6731.6077      1102.3232      12640.761     -6731.6077      878.8457      -5852.762      -489.06549      15308.413    
     31100   294.97109     -6746.8128      1109.3666      12619.63      -6746.8128      888.92456     -5857.8882     -358.13645      15308.413    
     31200   302.27232     -6723.2929      1208.8141      12544.75      -6723.2929      910.92754     -5812.3654      1077.5451      15308.413    
     31300   307.47407     -6694.9126      1128.0176      12651.052     -6694.9126      926.60353     -5768.309       166.31682      15308.413    
     31400   298.6135      -6675.9254      1131.4394      12667.057     -6675.9254      899.90135     -5776.0241      239.53429      15308.413    
     31500   301.95422     -6714.5168      1097.3543      12663.785     -6714.5168      909.96893     -5804.5478     -274.37987      15308.413    
     31600   285.69464     -6735.883       1140.7115      12598.451     -6735.883       860.96906     -5874.9139     -113.15089      15308.413    
     31700   294.44255     -6768.5316      1185.7197      12519.21      -6768.5316      887.33176     -5881.1998      326.20078      15308.413    
     31800   288.54961     -6740.2003      1130.6771      12604.069     -6740.2003      869.57281     -5870.6275     -207.78636      15308.413    
     31900   299.28577     -6731.3017      1175.6888      12567.429     -6731.3017      901.92727     -5829.3744      406.30652      15308.413    
     32000   306.46577     -6729.2622      1133.8744      12611.925     -6729.2622      923.56493     -5805.6973     -9.5831694      15308.413    
     32100   302.72595     -6716.9028      1146.2529      12613.408     -6716.9028      912.2946      -5804.6082      238.79034      15308.413    
     32200   310.96024     -6760.729       1197.2493      12515.427     -6760.729       937.10945     -5823.6196      769.53113      15308.413    
     32300   303.62652     -6786.3729      1127.6736      12562.945     -6786.3729      915.00855     -5871.3643     -592.62419      15308.413    
     32400   282.97789     -6725.2257      1130.6869      12620.294     -6725.2257      852.78186     -5872.4438     -14.1189        15308.413    
     32500   298.8776      -6749.8683      1138.6463      12587.025     -6749.8683      900.69724     -5849.1711     -72.257856      15308.413    
     32600   299.43925     -6716.2321      1167.0299      12590.109     -6716.2321      902.38982     -5813.8423      422.44942      15308.413    
     32700   299.93591     -6691.1365      1081.4646      12702.472     -6691.1365      903.88655     -5787.25       -617.78464      15308.413    
     32800   298.58038     -6676.2657      1069.6411      12729.762     -6676.2657      899.80151     -5776.4642     -612.95083      15308.413    
     32900   309.75499     -6695.7977      1103.0283      12673.977     -6695.7977      933.4773      -5762.3204     -125.03752      15308.413    
     33000   316.81514     -6694.46        1135.7378      12642.968     -6694.46        954.75377     -5739.7062      41.320013      15308.413    
     33100   304.18148     -6696.6007      1100.3294      12678.114     -6696.6007      916.68098     -5779.9197     -449.59493      15308.413    
     33200   306.7946      -6745.912       1112.723       12615.915     -6745.912       924.55588     -5821.3561     -653.77254      15308.413    
     33300   303.8561      -6745.3509      1169.4737      12561.617     -6745.3509      915.70042     -5829.6505      477.54748      15308.413    
     33400   291.05356     -6719.4586      1121.9439      12632.988     -6719.4586      877.11871     -5842.3399     -252.65461      15308.413    
     33500   305.75857     -6764.0548      1066.2988      12645.698     -6764.0548      921.4337      -5842.6211     -1151.2773      15308.413    
     33600   305.58963     -6746.2425      1150.2434      12581.181     -6746.2425      920.92461     -5825.3179      212.21606      15308.413    
     33700   289.0218      -6715.1585      1130.5062      12629.864     -6715.1585      870.99578     -5844.1627     -52.304519      15308.413    
     33800   294.1107      -6746.0268      1076.7697      12651.289     -6746.0268      886.3317      -5859.6951     -934.40852      15308.413    
     33900   303.69382     -6754.6775      1106.8577      12615.504     -6754.6775      915.21137     -5839.4661     -314.49041      15308.413    
     34000   308.95555     -6730.4113      1165.6029      12579.087     -6730.4113      931.06812     -5799.3432      519.43491      15308.413    
     34100   302.92317     -6705.7789      1109.8301      12659.337     -6705.7789      912.88894     -5792.8899     -176.05798      15308.413    
     34200   297.39992     -6732.8329      1126.9084      12616.569     -6732.8329      896.24409     -5836.5888     -172.1269       15308.413    
     34300   287.52366     -6737.7053      1144.3527      12592.336     -6737.7053      866.48099     -5871.2243     -230.1804       15308.413    
     34400   297.67482     -6732.5032      1147.117       12594.475     -6732.5032      897.07253     -5835.4306      167.8102       15308.413    
     34500   308.58491     -6747.5035      1140.5327      12587.068     -6747.5035      929.95117     -5817.5524     -45.840357      15308.413    
     34600   307.3463      -6750.134       1094.1248      12631.954     -6750.134       926.21849     -5823.9155     -680.61542      15308.413    
     34700   299.2484      -6744.8261      1025.2649      12706.205     -6744.8261      901.81467     -5843.0115     -1710.3116      15308.413    
     34800   296.3167      -6736.1705      1142.6794      12596.763     -6736.1705      892.97969     -5843.1908      53.891438      15308.413    
     34900   310.34174     -6733.1071      1143.9986      12597.801     -6733.1071      935.24554     -5797.8615      34.277279      15308.413    
     35000   294.79734     -6686.2033      1093.1515      12695.81      -6686.2033      888.40096     -5797.8023     -360.21723      15308.413    
     35100   291.42151     -6704.1147      1069.9267      12700.206     -6704.1147      878.22757     -5825.8872     -950.54796      15308.413    
     35200   287.60996     -6729.159       1057.3574      12687.866     -6729.159       866.74107     -5862.4179     -1239.8985      15308.413    
     35300   294.73856     -6740.3598      1079.2578      12655.666     -6740.3598      888.22383     -5852.136      -958.23466      15308.413    
     35400   312.57055     -6733.9165      1110.1926      12630.783     -6733.9165      941.96227     -5791.9542     -440.16201      15308.413    
     35500   307.86131     -6725.4709      1133.4065      12615.343     -6725.4709      927.77054     -5797.7004     -138.41537      15308.413    
     35600   298.03285     -6729.8267      1164.8004      12580.791     -6729.8267      898.1515      -5831.6752      246.31806      15308.413    
     35700   300.6799      -6759.4621      1121.6043      12594.357     -6759.4621      906.12864     -5853.3335     -528.76746      15308.413    
     35800   295.99633     -6749.4267      1151.237       12573.926     -6749.4267      892.01423     -5857.4125     -59.099712      15308.413    
     35900   295.57186     -6742.688       1116.6906      12615.147     -6742.688       890.73506     -5851.953      -556.01395      15308.413    
     36000   293.09497     -6730.0222      1053.6598      12691.157     -6730.0222      883.27071     -5846.7515     -1440.6801      15308.413    
     36100   310.52629     -6729.8012      1176.0831      12570.241     -6729.8012      935.80171     -5793.9995      460.6423       15308.413    
     36200   308.78003     -6706.3481      1144.1524      12623.725     -6706.3481      930.53919     -5775.8089     -1.4419513      15308.413    
     36300   309.92678     -6743.3596      1117.677       12614.376     -6743.3596      933.99501     -5809.3646     -344.79305      15308.413    
     36400   295.91429     -6744.8374      1152.4969      12578.279     -6744.8374      891.76701     -5853.0704      110.5903       15308.413    
     36500   292.22962     -6724.5745      1051.7562      12699.601     -6724.5745      880.66289     -5843.9116     -1219.2433      15308.413    
     36600   289.36797     -6677.8523      1074.2982      12723.333     -6677.8523      872.039       -5805.8133     -657.42804      15308.413    
     36700   292.05613     -6650.3888      1108.9138      12715.683     -6650.3888      880.14003     -5770.2488      117.9455       15308.413    
     36800   312.16046     -6697.9535      1103.1349      12673.649     -6697.9535      940.72642     -5757.2271     -462.35949      15308.413    
     36900   301.96333     -6699.4519      1123.8633      12651.284     -6699.4519      909.99639     -5789.4555      38.30785       15308.413    
     37000   291.26302     -6704.1366      1178.8961      12591.526     -6704.1366      877.74993     -5826.3867      600.6628       15308.413    
     37100   298.00732     -6720.3453      1107.6594      12647.796     -6720.3453      898.07455     -5822.2708     -257.70077      15308.413    
     37200   312.11732     -6759.0055      1210.2251      12506.873     -6759.0055      940.59643     -5818.4091      649.7497       15308.413    
     37300   297.85644     -6726.0039      1079.5819      12670.979     -6726.0039      897.61985     -5828.3841     -839.70344      15308.413    
     37400   294.59766     -6705.7603      1088.9882      12679.536     -6705.7603      887.7992      -5817.9611     -731.37124      15308.413    
     37500   300.75089     -6702.0191      1130.277       12640.692     -6702.0191      906.34256     -5795.6765      59.589601      15308.413    
     37600   306.75252     -6664.5391      1076.5489      12733.352     -6664.5391      924.42908     -5740.11       -545.98497      15308.413    
     37700   304.40475     -6634.6929      1093.8469      12747.425     -6634.6929      917.35384     -5717.3391     -110.53425      15308.413    
     37800   305.0913      -6673.0347      1040.511       12760.063     -6673.0347      919.42283     -5753.6119     -1097.2718      15308.413    
     37900   306.47211     -6704.7532      1058.3467      12713.349     -6704.7532      923.58405     -5781.1691     -1033.0821      15308.413    
     38000   306.93233     -6706.4009      1064.8526      12704.168     -6706.4009      924.97094     -5781.43       -929.44289      15308.413    
     38100   311.03794     -6701.5605      1120.4361      12652.696     -6701.5605      937.34363     -5764.2169      57.381638      15308.413    
     38200   291.77541     -6644.4042      1097.6322      12733.617     -6644.4042      879.29408     -5765.1102     -147.42267      15308.413    
     38300   310.04892     -6655.3969      1076.7387      12743.459     -6655.3969      934.36311     -5721.0337     -98.460192      15308.413    
     38400   309.62866     -6646.9897      1068.3651      12757.841     -6646.9897      933.09661     -5713.8931     -582.36268      15308.413    
     38500   297.15322     -6656.4584      1042.2445      12774.788     -6656.4584      895.50063     -5760.9578     -973.91712      15308.413    
     38600   295.23725     -6661.9758      1088.1316      12725.664     -6661.9758      889.72667     -5772.2491     -403.58639      15308.413    
     38700   302.12414     -6675.8908      1100.0889      12700.138     -6675.8908      910.481       -5765.4098     -185.47178      15308.413    
     38800   294.09981     -6657.6308      1168.9897      12645.535     -6657.6308      886.29888     -5771.3319      649.95064      15308.413    
     38900   292.02185     -6716.8479      1107.4549      12648.228     -6716.8479      880.03674     -5836.8111     -516.40909      15308.413    
     39000   303.86214     -6767.5608      1137.5154      12569.88      -6767.5608      915.71863     -5851.8422     -195.42507      15308.413    
     39100   294.73758     -6707.6509      1098.3383      12670.145     -6707.6509      888.22088     -5819.43       -455.6728       15308.413    
     39200   308.62522     -6703.8407      1159.7762      12612.218     -6703.8407      930.07263     -5773.7681      322.59234      15308.413    
     39300   297.19576     -6669.642       1146.2717      12656.662     -6669.642       895.62884     -5774.0132      349.92105      15308.413    
     39400   301.25594     -6701.3292      1093.9083      12679.23      -6701.3292      907.8646      -5793.4646     -466.92435      15308.413    
     39500   304.91849     -6727.9451      1104.8097      12642.008     -6727.9451      918.90205     -5809.0431     -559.0619       15308.413    
     39600   287.44844     -6725.6288      1113.8148      12636.009     -6725.6288      866.25434     -5859.3745     -279.78306      15308.413    
     39700   286.91367     -6737.2874      1116.9448      12621.876     -6737.2874      864.64274     -5872.6447     -490.8041       15308.413    
     39800   297.83532     -6719.7647      1107.7656      12646.368     -6719.7647      897.5562      -5822.2085     -394.40285      15308.413    
     39900   308.60402     -6733.0641      1144.232       12597.384     -6733.0641      930.00877     -5803.0554      161.94833      15308.413    
     40000   292.72762     -6704.0596      1080.0727      12691.109     -6704.0596      882.16365     -5821.8959     -747.87042      15308.413    
     40100   291.97964     -6709.8442      1067.546       12698.333     -6709.8442      879.90955     -5829.9346     -1048.6162      15308.413    
     40200   302.43063     -6681.6973      1096.7633      12694.458     -6681.6973      911.40465     -5770.2927     -409.91346      15308.413    
     40300   316.08366     -6704.3088      1195.8192      12576.156     -6704.3088      952.5494      -5751.7594      887.10566      15308.413    
     40400   305.76959     -6699.6766      1138.1517      12638.845     -6699.6766      921.46693     -5778.2097      123.99444      15308.413    
     40500   301.61863     -6723.4767      1082.0432      12669.171     -6723.4767      908.9576      -5814.5191     -761.32319      15308.413    
     40600   297.01227     -6725.817       1064.77        12684.59      -6725.817       895.07587     -5830.7411     -829.44252      15308.413    
     40700   294.68768     -6715.6285      1065.3668      12695.053     -6715.6285      888.07047     -5827.558      -963.09903      15308.413    
     40800   296.39789     -6675.355       1110.418       12687.637     -6675.355       893.22437     -5782.1307      32.870435      15308.413    
     40900   289.75831     -6634.1763      1085.3903      12753.89      -6634.1763      873.21534     -5760.9609     -220.79474      15308.413    
     41000   303.92375     -6653.6972      1022.2238      12800.366     -6653.6972      915.90431     -5737.7929     -978.46928      15308.413    
     41100   305.98386     -6638.1906      1082.5797      12753.902     -6638.1906      922.11264     -5716.0779     -211.59946      15308.413    
     41200   289.16899     -6610.5516      1123.8888      12740.096     -6610.5516      871.43937     -5739.1123      536.01615      15308.413    
     41300   290.64885     -6661.8946      1063.8795      12746.671     -6661.8946      875.89908     -5785.9955     -678.22499      15308.413    
     41400   291.10529     -6672.012       1070.2444      12733.264     -6672.012       877.27459     -5794.7374     -561.64634      15308.413    
     41500   304.58629     -6659.7386      1101.5537      12714.211     -6659.7386      917.90093     -5741.8377     -86.094702      15308.413    
     41600   308.23703     -6650.6981      1112.166       12711.117     -6650.6981      928.90278     -5721.7953      76.315897      15308.413    
     41700   296.54275     -6651.9737      1083.0087      12741.1       -6651.9737      893.66093     -5758.3128     -418.46757      15308.413    
     41800   294.18037     -6667.0912      1162.4727      12645.816     -6667.0912      886.54167     -5780.5495      737.99533      15308.413    
     41900   290.98284     -6702.7868      1152.6629      12617.493     -6702.7868      876.90558     -5825.8813      218.20782      15308.413    
     42000   295.99034     -6765.8663      1135.8988      12573.75      -6765.8663      891.99619     -5873.8701     -241.45006      15308.413    
     42100   297.48013     -6760.0871      1132.9144      12580.347     -6760.0871      896.48582     -5863.6012     -203.32548      15308.413    
     42200   307.19759     -6758.8902      1122.7149      12593.583     -6758.8902      925.77033     -5833.1198     -379.85824      15308.413    
     42300   315.86207     -6759.722       1188.2042      12527.326     -6759.722       951.88161     -5807.8404      664.82877      15308.413    
     42400   304.36598     -6759.852       1102.6306      12612.625     -6759.852       917.23699     -5842.615      -698.21721      15308.413    
     42500   287.5106      -6764.5126      1212.0664      12498.215     -6764.5126      866.44164     -5898.0709      681.11747      15308.413    
     42600   297.60913     -6775.9752      1105.4217      12593.461     -6775.9752      896.87458     -5879.1006     -752.72475      15308.413    
     42700   296.53848     -6735.0121      1080.1264      12659.113     -6735.0121      893.64804     -5841.364      -880.00991      15308.413    
     42800   301.71715     -6725.4333      1117.835       12629.019     -6725.4333      909.25448     -5816.1788     -253.16077      15308.413    
     42900   297.29766     -6695.6055      1080.1851      12697.259     -6695.6055      895.93592     -5799.6695     -775.44976      15308.413    
     43000   307.62779     -6692.0635      1094.0923      12689.16      -6692.0635      927.06678     -5764.9968     -311.53571      15308.413    
     43100   313.24602     -6655.0283      1188.8635      12630.082     -6655.0283      943.99787     -5711.0304      1165.6239      15308.413    
     43200   303.66884     -6622.382       1102.5333      12750.198     -6622.382       915.13609     -5707.2459      37.493381      15308.413    
     43300   299.63766     -6673.6717      1059.3732      12741.796     -6673.6717      902.98774     -5770.6839     -754.0831       15308.413    
     43400   300.06156     -6688.1296      1023.8165      12764.685     -6688.1296      904.26521     -5783.8644     -1329.5599      15308.413    
     43500   296.74443     -6685.5085      1121.2098      12668.624     -6685.5085      894.26869     -5791.2398      12.249043      15308.413    
     43600   319.43003     -6756.5394      1065.8446      12652.936     -6756.5394      962.63401     -5793.9054     -1057.0404      15308.413    
     43700   294.30221     -6730.1503      1023.8498      12722.256     -6730.1503      886.90885     -5843.2415     -1593.3168      15308.413    
     43800   290.59282     -6718.0162      1082.3138      12673.223     -6718.0162      875.73022     -5842.286      -758.49064      15308.413    
     43900   305.75132     -6719.6288      1136.626       12618.049     -6719.6288      921.41186     -5798.217       92.453077      15308.413    
     44000   297.44573     -6685.1425      1167.8232      12621.568     -6685.1425      896.38214     -5788.7604      490.63712      15308.413    
     44100   306.61369     -6715.3726      1109.0429      12650.42      -6715.3726      924.0107      -5791.3619     -530.70331      15308.413    
     44200   310.23895     -6727.4804      1124.8677      12621.691     -6727.4804      934.93578     -5792.5446     -209.66055      15308.413    
     44300   313.45829     -6739.1845      1202.5331      12533.16      -6739.1845      944.63757     -5794.547       778.99363      15308.413    
     44400   307.90043     -6735.6799      1132.7882      12605.988     -6735.6799      927.88841     -5807.7915     -41.131867      15308.413    
     44500   298.44045     -6714.338       1074.5785      12686.892     -6714.338       899.37983     -5814.9582     -1031.0335      15308.413    
     44600   298.83974     -6708.976       1141.3496      12624.678     -6708.976       900.58312     -5808.3929     -42.526102      15308.413    
     44700   306.33314     -6723.6579      1160.9054      12589.991     -6723.6579      923.16524     -5800.4927      47.283487      15308.413    
     44800   304.32338     -6688.0928      1103.726       12682.932     -6688.0928      917.10863     -5770.9842     -377.77084      15308.413    
     44900   318.9593      -6686.4941      1111.5288      12677.384     -6686.4941      961.21543     -5725.2786     -25.445104      15308.413    
     45000   302.27913     -6640.506       1119.9726      12712.92      -6640.506       910.94808     -5729.5579      277.36674      15308.413    
     45100   297.56836     -6688.3704      1108.1149      12678.34      -6688.3704      896.75172     -5791.6187     -307.06842      15308.413    
     45200   306.03189     -6726.4801      1107.0362      12640.247     -6726.4801      922.25739     -5804.2227     -495.05714      15308.413    
     45300   299.78356     -6712.9478      1164.0877      12598.982     -6712.9478      903.42744     -5809.5204      408.13966      15308.413    
     45400   301.38073     -6707.516       1111.6932      12652.916     -6707.516       908.24067     -5799.2753     -120.82264      15308.413    
     45500   306.99884     -6699.0317      1127.173       12649.495     -6699.0317      925.1714      -5773.8603     -94.812998      15308.413    
     45600   306.49698     -6683.1225      1025.7939      12763.779     -6683.1225      923.65898     -5759.4635     -1140.7903      15308.413    
     45700   311.72715     -6694.1953      1125.5489      12655.936     -6694.1953      939.42063     -5754.7746      102.83431      15308.413    
     45800   302.40978     -6696.1141      1083.9375      12694.781     -6696.1141      911.34181     -5784.7723     -598.89693      15308.413    
     45900   290.65777     -6681.9697      1103.3077      12690.182     -6681.9697      875.92595     -5806.0438     -419.64473      15308.413    
     46000   303.56478     -6687.1108      1082.663       12704.423     -6687.1108      914.8225      -5772.2883     -668.75066      15308.413    
     46100   306.55151     -6653.0513      1167.3611      12650.901     -6653.0513      923.82332     -5729.228       798.18012      15308.413    
     46200   299.13122     -6646.0061      1104.7297      12726.245     -6646.0061      901.46152     -5744.5446      177.33539      15308.413    
     46300   313.62717     -6723.1462      1112.1409      12638.562     -6723.1462      945.14651     -5777.9997     -239.07664      15308.413    
     46400   297.96456     -6693.8454      1043.4476      12737.025     -6693.8454      897.94568     -5795.8997     -1316.7857      15308.413    
     46500   295.55034     -6674.3838      1101.0972      12698.095     -6674.3838      890.67019     -5783.7136     -480.00106      15308.413    
     46600   300.41441     -6678.1576      1114.9078      12680.45      -6678.1576      905.32854     -5772.829      -114.43786      15308.413    
     46700   286.46744     -6665.2081      1115.4758      12693.447     -6665.2081      863.29797     -5801.9101     -59.659048      15308.413    
     46800   297.69973     -6719.9484      1112.9849      12642.501     -6719.9484      897.14761     -5822.8008     -490.11054      15308.413    
     46900   297.91953     -6739.5639      1066.4746      12668.387     -6739.5639      897.80999     -5841.7539     -1197.476       15308.413    
     47000   290.7421      -6713.795       1106.2628      12653.975     -6713.795       876.18009     -5837.615      -363.37667      15308.413    
     47100   308.51572     -6726.9974      1050.6475      12695.572     -6726.9974      929.74266     -5797.2548     -1186.9589      15308.413    
     47200   305.46417     -6718.2975      1150.5811      12604.92      -6718.2975      920.54649     -5797.751       277.14664      15308.413    
     47300   293.74881     -6736.1627      1142.0313      12597.45      -6736.1627      885.2411      -5850.9216     -11.870624      15308.413    
     47400   288.13223     -6745.5209      1177.3346      12551.842     -6745.5209      868.31498     -5877.2059      292.61866      15308.413    
     47500   288.37101     -6731.4285      1134.2303      12606.674     -6731.4285      869.03457     -5862.3939     -94.31195       15308.413    
     47600   300.29755     -6741.0296      1113.8843      12620.092     -6741.0296      904.97638     -5836.0532     -477.97091      15308.413    
     47700   293.68328     -6706.8628      1141.3933      12626.032     -6706.8628      885.04363     -5821.8192     -53.361885      15308.413    
     47800   295.55064     -6712.1506      1058.8375      12704.365     -6712.1506      890.67109     -5821.4795     -1099.4987      15308.413    
     47900   313.72786     -6749.5237      1137.3131      12588.798     -6749.5237      945.44995     -5804.0737     -232.0288       15308.413    
     48000   310.90472     -6713.2303      1220.053       12542.079     -6713.2303      936.94213     -5776.2881      1131.0976      15308.413    
     48100   294.14063     -6682.1114      1072.014       12718.425     -6682.1114      886.4219      -5795.6895     -503.52024      15308.413    
     48200   303.01113     -6741.763       1164.1089      12567.873     -6741.763       913.15403     -5828.609       388.40321      15308.413    
     48300   290.77317     -6735.5424      1107.4248      12631.036     -6735.5424      876.27372     -5859.2687     -497.83155      15308.413    
     48400   300.75517     -6756.7089      1098.1263      12619.065     -6756.7089      906.35546     -5850.3534     -680.86896      15308.413    
     48500   309.85917     -6726.8569      1204.2481      12543.443     -6726.8569      933.79128     -5793.0656      822.47828      15308.413    
     48600   297.17273     -6678.4574      1134.8127      12662.518     -6678.4574      895.55943     -5782.898       211.9717       15308.413    
     48700   288.29276     -6676.2811      1128.9608      12668.155     -6676.2811      868.79875     -5807.4823      20.173917      15308.413    
     48800   286.30181     -6733.8547      1086.3597      12654.369     -6733.8547      862.79884     -5871.0558     -840.88949      15308.413    
     48900   285.91655     -6721.7551      1171.7103      12581.964     -6721.7551      861.63781     -5860.1173      263.51377      15308.413    
     49000   297.12868     -6715.2918      1099.8581      12658.484     -6715.2918      895.42667     -5819.8652     -551.05101      15308.413    
     49100   304.51562     -6735.1752      1132.4284      12605.917     -6735.1752      917.68796     -5817.4873     -121.53266      15308.413    
     49200   301.35941     -6725.4211      1106.2856      12644.163     -6725.4211      908.1764      -5817.2447     -652.34052      15308.413    
     49300   310.98783     -6708.3649      1141.5428      12622.801     -6708.3649      937.1926      -5771.1723      132.39445      15308.413    
     49400   308.25445     -6671.1305      1065.8282      12736.225     -6671.1305      928.9553      -5742.1752     -666.01408      15308.413    
     49500   295.05958     -6646.5071      1101.2415      12726.861     -6646.5071      889.19124     -5757.3159     -34.201046      15308.413    
     49600   303.51475     -6681.5403      1155.3146      12638.745     -6681.5403      914.67172     -5766.8686      575.55192      15308.413    
     49700   291.21547     -6649.5496      1069.0276      12755.937     -6649.5496      877.60663     -5771.9429     -533.33803      15308.413    
     49800   308.82031     -6699.1798      1055.583       12718.388     -6699.1798      930.66057     -5768.5192     -1025.1236      15308.413    
     49900   288.23458     -6657.5643      1095.2682      12721.19      -6657.5643      868.62344     -5788.9409     -393.04977      15308.413    
     50000   294.22183     -6688.6762      1050.1451      12736.352     -6688.6762      886.66661     -5802.0096     -942.09226      15308.413